Peptide,-10lgP,Mass,Length,ppm,m/z,RT,Area Sample 5,Fraction,Scan,Source File,#Feature,#Feature Sample 5,Accession,PTM,AScore,Found By
A(+43.01)SRLAHYNKRSTITSRE,139.99,2032.0562,17,2.1,509.0249,29.76,9.3259E5,12,6228,EAM0022_G1F4K_V8-AmBic_2-B5_01_4158.d,2,2,XP_003451196.1,Carbamylation,A1:Carbamylation:113.97,PEAKS PTM
I(+57.02)QTAVRLLLPGELAKHAVSE,139.65,2201.2532,20,1.6,734.7632,64.85,2.2507E6,12,17549,EAM0022_G1F4K_V8-AmBic_2-B5_01_4158.d,2,2,XP_003451196.1,Carbamidomethylation (DHKE  X@N-term),I1:Carbamidomethylation (DHKE  X@N-term):156.90,PEAKS PTM
ASRLAHYN(+.98)KRSTITSRE,137.50,1990.0344,17,1.8,498.5193,23.44,3.5227E6,12,4186,EAM0022_G1F4K_V8-AmBic_2-B5_01_4158.d,4,4,XP_003451196.1,Deamidation (NQ),N8:Deamidation (NQ):1000.00,PEAKS PTM
ASRLAHYNK(+43.01)RSTITSRE,125.06,2032.0562,17,2.8,509.0252,26.82,6.3616E5,12,5330,EAM0022_G1F4K_V8-AmBic_2-B5_01_4158.d,2,2,XP_003451196.1,Carbamylation,K9:Carbamylation:51.24,PEAKS PTM
I(+43.01)QTAVRLLLPGELAKHAVSE,120.68,2187.2375,20,1.6,730.0912,69.88,3.0648E5,12,19210,EAM0022_G1F4K_V8-AmBic_2-B5_01_4158.d,2,2,XP_003451196.1,Carbamylation,I1:Carbamylation:175.08,PEAKS PTM
LNKLLGGVTIAQGGVLPNIQAVLLPKKTE,112.66,2983.7798,29,0.7,746.9564,69.50,5.0178E5,12,19075,EAM0022_G1F4K_V8-AmBic_2-B5_01_4158.d,3,3,XP_003451211.1:XP_013121737.2:XP_003459572.1:XP_003448939.1,,,PEAKS DB
LNKLLGGVTIAQGGVLPNIQAVLLPKKTEKPVKAK,109.46,3635.2229,35,5.0,909.8221,68.87,3.3452E6,12,18801,EAM0022_G1F4K_V8-AmBic_2-B5_01_4158.d,3,3,XP_003451211.1,,,PEAKS DB
IQTAVRLLLPGELAKHAVSE,107.71,2144.2317,20,0.7,715.7552,63.27,1.7392E7,12,17084,EAM0022_G1F4K_V8-AmBic_2-B5_01_4158.d,5,5,XP_003451196.1,,,PEAKS DB
RKGVSLAALKKALAAGGYDVE,107.54,2116.2004,21,1.2,530.0607,58.22,2.881E6,12,15542,EAM0022_G1F4K_V8-AmBic_2-B5_01_4158.d,5,5,XP_003459589.1,,,PEAKS DB
IQTAVRLLLPGELAK(+57.02)HAVSE,104.61,2201.2532,20,2.1,551.3245,62.93,2.9799E6,12,17057,EAM0022_G1F4K_V8-AmBic_2-B5_01_4158.d,5,5,XP_003451196.1,Carbamidomethylation (DHKE  X@N-term),K15:Carbamidomethylation (DHKE  X@N-term):7.65,PEAKS PTM
ASRLAHYNK(+57.02)RSTITSRE,104.17,2046.0719,17,1.9,512.5287,20.49,3.1399E6,12,3187,EAM0022_G1F4K_V8-AmBic_2-B5_01_4158.d,4,4,XP_003451196.1,Carbamidomethylation (DHKE  X@N-term),K9:Carbamidomethylation (DHKE  X@N-term):55.63,PEAKS PTM
LNKLLGGVTIAQGGVLPNIQAVLLPKKTEKAK,103.42,3311.0068,32,1.7,663.2131,69.08,4.3704E5,12,18885,EAM0022_G1F4K_V8-AmBic_2-B5_01_4158.d,2,2,XP_013121737.2:XP_003459572.1,,,PEAKS DB
LNKLLGGVTIAQGGVLPNIQAVLLPKKTEKPVKAK(+57.02),101.48,3692.2444,35,3.3,924.0760,68.87,1.7623E5,12,18818,EAM0022_G1F4K_V8-AmBic_2-B5_01_4158.d,1,1,XP_003451211.1,Carbamidomethylation (DHKE  X@N-term),K35:Carbamidomethylation (DHKE  X@N-term):0.00,PEAKS PTM
Q(-17.03)ILKVVTASKE,99.09,1197.6969,11,1.9,599.8599,55.43,3.4061E4,12,14634,EAM0022_G1F4K_V8-AmBic_2-B5_01_4158.d,1,1,XP_003459589.1,Pyro-glu from Q,Q1:Pyro-glu from Q:1000.00,PEAKS PTM
APTGTFIASGVVVGKD,98.78,1517.8090,16,0.8,759.9161,54.17,8.6061E4,12,14227,EAM0022_G1F4K_V8-AmBic_2-B5_01_4158.d,2,2,|#CONTAM#88194745|ref|YP_499541.1|,,,PEAKS DB
LSTTGGNSGSPVFNEKNE,97.42,1836.8490,18,1.2,919.4374,38.39,1.043E5,12,8973,EAM0022_G1F4K_V8-AmBic_2-B5_01_4158.d,2,2,|#CONTAM#88194745|ref|YP_499541.1|,,,PEAKS DB
SYAIYVYKVLKQVHPD,96.13,1922.0302,16,1.1,641.6879,67.04,6.2926E5,12,18237,EAM0022_G1F4K_V8-AmBic_2-B5_01_4158.d,3,3,XP_003451196.1,,,PEAKS DB
ASRLAHYNKRSTITSRE,95.41,1989.0504,17,1.5,498.2731,20.56,1.3737E7,12,3202,EAM0022_G1F4K_V8-AmBic_2-B5_01_4158.d,6,6,XP_003451196.1,,,PEAKS DB
L(+43.01)IVKAVAASKE,94.77,1170.6971,11,0.7,586.3592,60.40,2.6452E5,12,16187,EAM0022_G1F4K_V8-AmBic_2-B5_01_4158.d,2,2,XP_019209840.1:XP_019209845.1:XP_019210165.1:XP_019210164.1:XP_013130399.2:XP_019209843.1:XP_019209837.1,Carbamylation,L1:Carbamylation:92.25,PEAKS PTM
LNKLLGGVTIAQGGVLPNIQAVLLPK(+57.02)KTE,93.80,3040.8013,29,1.8,761.2128,69.46,9.9949E4,12,19063,EAM0022_G1F4K_V8-AmBic_2-B5_01_4158.d,1,1,XP_003451211.1:XP_013121737.2:XP_003459572.1:XP_003448939.1,Carbamidomethylation (DHKE  X@N-term),K26:Carbamidomethylation (DHKE  X@N-term):8.69,PEAKS PTM
AMQYDLSTTGGNSGSPVFNEKNE,93.51,2445.0754,23,1.7,816.0378,51.96,1.0631E5,12,13522,EAM0022_G1F4K_V8-AmBic_2-B5_01_4158.d,2,2,|#CONTAM#88194745|ref|YP_499541.1|,,,PEAKS DB
LILKALSTSTQRGGVSLAALKKALKAGGYD,91.52,3029.7600,30,0.4,606.9625,65.92,1.6784E5,12,17913,EAM0022_G1F4K_V8-AmBic_2-B5_01_4158.d,3,3,XP_003446112.1,,,PEAKS DB
I(+57.02)QTAVRLLLPGE,91.38,1365.7980,12,1.2,683.9105,66.43,9.1869E5,12,18181,EAM0022_G1F4K_V8-AmBic_2-B5_01_4158.d,2,2,XP_003451196.1,Carbamidomethylation (DHKE  X@N-term),I1:Carbamidomethylation (DHKE  X@N-term):192.57,PEAKS PTM
APTGTFIASGVVVGKDTLLTNKHVVD,90.36,2638.4329,26,1.1,660.6195,62.61,7.2214E4,12,16876,EAM0022_G1F4K_V8-AmBic_2-B5_01_4158.d,2,2,|#CONTAM#88194745|ref|YP_499541.1|,,,PEAKS DB
I(+57.02)QTAVRLLLPGELAK(+57.02)HAVSE,90.14,2258.2747,20,1.3,753.7702,64.22,2.4299E5,12,17517,EAM0022_G1F4K_V8-AmBic_2-B5_01_4158.d,2,2,XP_003451196.1,Carbamidomethylation (DHKE  X@N-term),I1:Carbamidomethylation (DHKE  X@N-term):105.15;K15:Carbamidomethylation (DHKE  X@N-term):11.06,PEAKS PTM
VAPAPAAAPAKPAKKKASKPKKTGPSVSDQILKVVTASKE,89.68,3994.3306,40,0.0,571.6288,44.78,1.1342E6,12,11082,EAM0022_G1F4K_V8-AmBic_2-B5_01_4158.d,2,2,XP_003459589.1,,,PEAKS DB
RKGTSLAAIKKYLTAKNVDVPKAN(+.98)KRIN(+.98)TAVAKLVE,89.08,3910.2729,36,9.7,783.0733,54.29,0,12,14287,EAM0022_G1F4K_V8-AmBic_2-B5_01_4158.d,0,0,XP_005461836.1,Deamidation (NQ),N24:Deamidation (NQ):34.75;N28:Deamidation (NQ):28.74,PEAKS PTM
LNKLLGGVTIAQGGVLPNIQAVLLPKKT(+114.04)EKPVKAK,88.09,3749.2659,35,0.2,750.8643,68.91,2.9972E5,12,18815,EAM0022_G1F4K_V8-AmBic_2-B5_01_4158.d,1,1,XP_003451211.1,Ubiquitin,T28:Ubiquitin:0.00,PEAKS PTM
TQVNQNITVTGYPGDKPVATMWE,87.14,2548.2268,23,1.3,850.4216,63.90,9.5761E4,12,17259,EAM0022_G1F4K_V8-AmBic_2-B5_01_4158.d,2,2,|#CONTAM#88194745|ref|YP_499541.1|,,,PEAKS DB
G(+43.01)TKAVTKYTSSK,87.08,1312.6986,12,2.3,438.5767,26.18,1.1199E6,12,5121,EAM0022_G1F4K_V8-AmBic_2-B5_01_4158.d,4,4,XP_003451196.1:XP_003438147.1,Carbamylation,G1:Carbamylation:20.41,PEAKS PTM
SEEAPAPAPAPAKAAKKKTTASKPKKVGPSVGE,87.05,3227.7876,33,2.7,538.9760,22.22,1.6444E6,12,3798,EAM0022_G1F4K_V8-AmBic_2-B5_01_4158.d,3,3,XP_019210165.1:XP_019210164.1:XP_013130399.2,,,PEAKS DB
LRFQSSAVM(+15.99)ALQE,86.79,1494.7500,13,0.6,748.3864,51.76,8.4447E5,12,13452,EAM0022_G1F4K_V8-AmBic_2-B5_01_4158.d,2,2,XP_005463512.2,Oxidation (M),M9:Oxidation (M):1000.00,PEAKS PTM
IQTAVRLLLPGELAKH(+57.02)AVSE,86.58,2201.2532,20,2.1,551.3245,62.93,1.3818E6,12,16975,EAM0022_G1F4K_V8-AmBic_2-B5_01_4158.d,4,4,XP_003451196.1,Carbamidomethylation (DHKE  X@N-term),H16:Carbamidomethylation (DHKE  X@N-term):26.02,PEAKS PTM
LNKLLGGVTIAQGGVLPNIQ(+.98)AVLLPKK(+28.03)TEKPVKAK,86.51,3664.2383,35,-7.5,733.8531,68.84,1.6596E5,12,18817,EAM0022_G1F4K_V8-AmBic_2-B5_01_4158.d,2,2,XP_003451211.1,Deamidation (NQ); Dimethylation(KR),Q20:Deamidation (NQ):26.31;K27:Dimethylation(KR):0.00,PEAKS PTM
N(+57.02)VIRDAVTYTE,86.09,1336.6622,11,1.5,669.3427,50.74,1.0539E6,12,13110,EAM0022_G1F4K_V8-AmBic_2-B5_01_4158.d,2,2,XP_025766521.1,Carbamidomethylation (DHKE  X@N-term),N1:Carbamidomethylation (DHKE  X@N-term):58.99,PEAKS PTM
L(+57.02)IVKAVAASKE,85.89,1184.7128,11,1.7,593.3676,34.05,4.5356E5,12,7527,EAM0022_G1F4K_V8-AmBic_2-B5_01_4158.d,2,2,XP_019209840.1:XP_019209845.1:XP_019210165.1:XP_019210164.1:XP_013130399.2:XP_019209843.1:XP_019209837.1,Carbamidomethylation (DHKE  X@N-term),L1:Carbamidomethylation (DHKE  X@N-term):62.26,PEAKS PTM
SEEAPAPAPAPAKAAKKKKTTASKPK(+57.02)KVGPSVGE,84.96,3412.9041,34,2.3,683.5931,20.21,2.6157E5,12,3102,EAM0022_G1F4K_V8-AmBic_2-B5_01_4158.d,1,1,XP_019209840.1:XP_019209845.1,Carbamidomethylation (DHKE  X@N-term),K26:Carbamidomethylation (DHKE  X@N-term):0.00,PEAKS PTM
IQTAVRLLLPGELAK(+43.01)HAVSE,84.42,2187.2375,20,2.4,730.0918,69.04,1.6413E5,12,18894,EAM0022_G1F4K_V8-AmBic_2-B5_01_4158.d,1,1,XP_003451196.1,Carbamylation,K15:Carbamylation:121.49,PEAKS PTM
LIVKAVAASK(+57.02)E,83.78,1184.7128,11,0.1,593.3666,32.27,5.4742E5,12,6992,EAM0022_G1F4K_V8-AmBic_2-B5_01_4158.d,2,2,XP_019209840.1:XP_019209845.1:XP_019210165.1:XP_019210164.1:XP_013130399.2:XP_019209843.1:XP_019209837.1,Carbamidomethylation (DHKE  X@N-term),K10:Carbamidomethylation (DHKE  X@N-term):24.44,PEAKS PTM
S(+42.01)SAAIALPPPAPAKSPKKRAKSPRKKTGPTVSD,83.18,3380.9255,33,1.1,677.1965,31.70,1.1245E7,12,7094,EAM0022_G1F4K_V8-AmBic_2-B5_01_4158.d,2,2,XP_003446112.1,Acetylation (Protein N-term),S1:Acetylation (Protein N-term):1000.00,PEAKS PTM
KNNARVKIAIKSLVSKGTLVQTKGTGASGSFKLGKKAAE,83.06,3985.3164,39,0.7,798.0751,44.79,7.6866E5,12,11062,EAM0022_G1F4K_V8-AmBic_2-B5_01_4158.d,2,2,XP_003459589.1,,,PEAKS DB
NKKTRIIPRHLQLAVRNDEE,82.69,2429.3616,20,0.0,608.3507,34.87,2.7953E6,12,7807,EAM0022_G1F4K_V8-AmBic_2-B5_01_4158.d,4,4,XP_003451211.1:XP_013121737.2:XP_003459572.1:XP_003448939.1:XP_003446914.1,,,PEAKS DB
S(+43.01)EEAPAPAPAPAKAAKKKTTASKPKKVGPSVGE,82.57,3270.7935,33,4.2,655.1719,25.27,0,12,4831,EAM0022_G1F4K_V8-AmBic_2-B5_01_4158.d,0,0,XP_019210165.1:XP_019210164.1:XP_013130399.2,Carbamylation,S1:Carbamylation:111.75,PEAKS PTM
VVKPATMSNNAE,82.56,1259.6179,12,1.7,630.8204,25.63,2.6196E5,12,4938,EAM0022_G1F4K_V8-AmBic_2-B5_01_4158.d,1,1,|#CONTAM#88194745|ref|YP_499541.1|,,,PEAKS DB
S(+42.01)EEAPAPAPAPAKAAKKKTTASKPKKVGPSVGE,81.91,3269.7981,33,0.9,654.9708,24.69,1.6215E6,12,4830,EAM0022_G1F4K_V8-AmBic_2-B5_01_4158.d,2,2,XP_019210165.1:XP_019210164.1:XP_013130399.2,Acetylation (Protein N-term),S1:Acetylation (Protein N-term):1000.00,PEAKS PTM
GTK(+43.01)AVTKYTSSK,81.33,1312.6986,12,0.3,657.3600,23.54,3.1284E5,12,4248,EAM0022_G1F4K_V8-AmBic_2-B5_01_4158.d,2,2,XP_003451196.1:XP_003438147.1,Carbamylation,K3:Carbamylation:18.53,PEAKS PTM
A(+43.01)SRLAHYN(+.98)KRSTITSRE,80.80,2033.0402,17,4.2,509.2720,32.37,6.1212E4,12,7102,EAM0022_G1F4K_V8-AmBic_2-B5_01_4158.d,2,2,XP_003451196.1,Carbamylation; Deamidation (NQ),A1:Carbamylation:99.62;N8:Deamidation (NQ):1000.00,PEAKS PTM
LIVKAVAASK(+156.12)E,80.13,1283.8064,11,-9.2,428.9409,27.85,2.6896E4,12,5653,EAM0022_G1F4K_V8-AmBic_2-B5_01_4158.d,1,1,XP_019209840.1:XP_019209845.1:XP_019210165.1:XP_019210164.1:XP_013130399.2:XP_019209843.1:XP_019209837.1,4-hydroxynonenal (HNE),K10:4-hydroxynonenal (HNE):102.87,PEAKS PTM
N(+43.01)VIRDAVTYTE,79.90,1322.6466,11,1.4,662.3348,61.00,4.6594E5,12,16372,EAM0022_G1F4K_V8-AmBic_2-B5_01_4158.d,2,2,XP_025766521.1,Carbamylation,N1:Carbamylation:1000.00,PEAKS PTM
SEEAPAPAPAPAKAAKKKTTASK(+57.02)PKKVGPSVGE,79.84,3284.8091,33,2.0,657.9737,22.18,4.214E5,12,3748,EAM0022_G1F4K_V8-AmBic_2-B5_01_4158.d,1,1,XP_019210165.1:XP_019210164.1:XP_013130399.2,Carbamidomethylation (DHKE  X@N-term),K23:Carbamidomethylation (DHKE  X@N-term):0.00,PEAKS PTM
LIVK(+43.01)AVAASKE,79.73,1170.6971,11,1.6,586.3597,42.19,8.883E4,12,10202,EAM0022_G1F4K_V8-AmBic_2-B5_01_4158.d,1,1,XP_019209840.1:XP_019209845.1:XP_019210165.1:XP_019210164.1:XP_013130399.2:XP_019209843.1:XP_019209837.1,Carbamylation,K4:Carbamylation:56.34,PEAKS PTM
NVIRDAVTYTE(+57.02),78.10,1336.6622,11,2.9,669.3436,46.02,1.8993E5,12,11494,EAM0022_G1F4K_V8-AmBic_2-B5_01_4158.d,3,3,XP_025766521.1,Carbamidomethylation (DHKE  X@N-term),E11:Carbamidomethylation (DHKE  X@N-term):156.69,PEAKS PTM
LDSLIKATIAGGGVIPHIHKSLIGKK(+28.03)GQQ(+.98)KTV,77.05,3335.9656,32,-5.0,668.2004,53.82,2.7936E5,12,14106,EAM0022_G1F4K_V8-AmBic_2-B5_01_4158.d,1,1,XP_003458968.1:XP_005464230.1,Dimethylation(KR); Deamidation (NQ),K26:Dimethylation(KR):0.00;Q29:Deamidation (NQ):0.00,PEAKS PTM
NKK(+57.02)TRIIPRHLQLAVRNDEE,76.46,2486.3828,20,1.7,498.2872,34.83,2.94E5,12,7793,EAM0022_G1F4K_V8-AmBic_2-B5_01_4158.d,2,2,XP_003451211.1:XP_013121737.2:XP_003459572.1:XP_003448939.1:XP_003446914.1,Carbamidomethylation (DHKE  X@N-term),K3:Carbamidomethylation (DHKE  X@N-term):5.47,PEAKS PTM
ASRLAHYNK(+114.04)RSTITSRE,75.87,2103.0933,17,1.3,526.7839,20.77,3.0887E5,12,3658,EAM0022_G1F4K_V8-AmBic_2-B5_01_4158.d,1,1,XP_003451196.1,Ubiquitin,K9:Ubiquitin:14.04,PEAKS PTM
IAQDFKTDLRFQSSAVM(+15.99)ALQE,75.84,2413.1948,21,0.4,805.4099,61.37,3.4861E6,12,17101,EAM0022_G1F4K_V8-AmBic_2-B5_01_4158.d,2,2,XP_005463512.2,Oxidation (M),M17:Oxidation (M):1000.00,PEAKS PTM
IQTAVRLLLPGE,75.68,1308.7765,12,0.9,655.3994,65.56,1.1916E7,12,17762,EAM0022_G1F4K_V8-AmBic_2-B5_01_4158.d,2,2,XP_003451196.1,,,PEAKS DB
IQTAVRLLLPGELAK(+114.04)HAVSE,74.92,2258.2747,20,4.8,565.5815,63.78,1.8687E5,12,17355,EAM0022_G1F4K_V8-AmBic_2-B5_01_4158.d,4,4,XP_003451196.1,Ubiquitin,K15:Ubiquitin:19.86,PEAKS PTM
DTNLC(+57.02)AIHAKRVTIMPKD,74.86,2082.0713,18,1.5,521.5284,42.23,1.6659E5,12,10211,EAM0022_G1F4K_V8-AmBic_2-B5_01_4158.d,2,2,XP_005463512.2,Carbamidomethylation,C5:Carbamidomethylation:1000.00,PEAKS PTM
LNKLLGGVTIAQGGVLPNIQAVLLPKKTGQSAPSSGKAGKKASSQSQE,74.50,4755.6611,48,1.7,952.1459,68.81,8.7875E4,12,18785,EAM0022_G1F4K_V8-AmBic_2-B5_01_4158.d,1,1,XP_003446914.1,,,PEAKS DB
LNKLLGGVTIAQGGVLPNIQAVLLPKKTEK(+57.02)PTKSK,74.18,3710.2185,35,1.7,928.5681,68.87,2.529E4,12,18838,EAM0022_G1F4K_V8-AmBic_2-B5_01_4158.d,1,1,XP_003448939.1,Carbamidomethylation (DHKE  X@N-term),K30:Carbamidomethylation (DHKE  X@N-term):6.29,PEAKS PTM
SEEAPAPAPAPAKAAKKKK(+57.02)TTASKPKKVGPSVGE,72.88,3412.9041,34,2.5,569.8289,20.21,3.0933E5,12,3088,EAM0022_G1F4K_V8-AmBic_2-B5_01_4158.d,1,1,XP_019209840.1:XP_019209845.1,Carbamidomethylation (DHKE  X@N-term),K19:Carbamidomethylation (DHKE  X@N-term):0.00,PEAKS PTM
N(+.98)VIRDAVTYTE,72.44,1280.6249,11,0.2,641.3230,50.43,7.1912E5,12,12999,EAM0022_G1F4K_V8-AmBic_2-B5_01_4158.d,2,2,XP_025766521.1,Deamidation (NQ),N1:Deamidation (NQ):1000.00,PEAKS PTM
LRFQSSAVMALQE,71.87,1478.7551,13,1.3,740.3895,57.42,5.9825E5,12,15459,EAM0022_G1F4K_V8-AmBic_2-B5_01_4158.d,2,2,XP_005463512.2,,,PEAKS DB
IAQDFKTDLRFQSSAVMALQE,71.80,2397.1997,21,0.8,800.0785,64.88,2.5879E7,12,18769,EAM0022_G1F4K_V8-AmBic_2-B5_01_4158.d,7,7,XP_005463512.2,,,PEAKS DB
R(+57.02)KGVSLAALKKALAAGGYDVE,71.58,2173.2219,21,2.9,544.3170,57.71,5.0161E5,12,15879,EAM0022_G1F4K_V8-AmBic_2-B5_01_4158.d,1,1,XP_003459589.1,Carbamidomethylation (DHKE  X@N-term),R1:Carbamidomethylation (DHKE  X@N-term):0.00,PEAKS PTM
LNKLLGGVTIAQGGVLPNIQAVLLPK(+114.04)KTEKPVKAK,71.50,3749.2659,35,2.5,938.3307,68.91,4.6853E4,12,18833,EAM0022_G1F4K_V8-AmBic_2-B5_01_4158.d,1,1,XP_003451211.1,Ubiquitin,K26:Ubiquitin:0.00,PEAKS PTM
GPSLPKLIVASVTE,71.36,1409.8130,14,0.6,705.9177,69.18,1.5385E5,12,18947,EAM0022_G1F4K_V8-AmBic_2-B5_01_4158.d,1,1,XP_005461836.1,,,PEAKS DB
LIVKAVAASKE,71.21,1127.6914,11,0.4,564.8560,32.35,4.8374E6,12,7006,EAM0022_G1F4K_V8-AmBic_2-B5_01_4158.d,2,2,XP_019209840.1:XP_019209845.1:XP_019210165.1:XP_019210164.1:XP_013130399.2:XP_019209843.1:XP_019209837.1,,,PEAKS DB
LNKLLGGVTIAQGGVLPNIQAVLLPKKTEKPTKSK,71.19,3653.1970,35,2.8,731.6523,68.87,4.8845E5,12,18800,EAM0022_G1F4K_V8-AmBic_2-B5_01_4158.d,2,2,XP_003448939.1,,,PEAKS DB
QILKVVTASKE,70.85,1214.7234,11,1.5,405.9177,36.75,3.5852E4,12,8426,EAM0022_G1F4K_V8-AmBic_2-B5_01_4158.d,1,1,XP_003459589.1,,,PEAKS DB
NVIRD(-18.01)AVTYTE,70.52,1261.6302,11,-0.9,631.8250,41.68,1.0555E5,12,10203,EAM0022_G1F4K_V8-AmBic_2-B5_01_4158.d,1,1,XP_025766521.1,Dehydration,D5:Dehydration:29.32,PEAKS PTM
SEEAPAPAPAPAKAAKKKKTTASKPKKVGPSVGE,70.25,3355.8826,34,2.8,560.3254,20.21,1.0867E6,12,3129,EAM0022_G1F4K_V8-AmBic_2-B5_01_4158.d,3,3,XP_019209840.1:XP_019209845.1,,,PEAKS DB
IQTAVRLLLPGE(+57.02),70.01,1365.7980,12,2.0,683.9110,65.09,3.1055E4,12,17622,EAM0022_G1F4K_V8-AmBic_2-B5_01_4158.d,1,1,XP_003451196.1,Carbamidomethylation (DHKE  X@N-term),E12:Carbamidomethylation (DHKE  X@N-term):156.31,PEAKS PTM
GTKAVTKYTSSK(+43.01),69.99,1312.6986,12,2.3,657.3613,22.50,1.2744E5,12,3899,EAM0022_G1F4K_V8-AmBic_2-B5_01_4158.d,1,1,XP_003451196.1:XP_003438147.1,Carbamylation,K12:Carbamylation:0.00,PEAKS PTM
R(+57.02)VGAGAPVYLAAVLE,69.95,1541.8566,15,1.0,771.9401,69.43,5.3171E5,12,19050,EAM0022_G1F4K_V8-AmBic_2-B5_01_4158.d,2,2,XP_003451211.1:XP_013121737.2:XP_003459572.1:XP_003448939.1:XP_003446914.1,Carbamidomethylation (DHKE  X@N-term),R1:Carbamidomethylation (DHKE  X@N-term):110.51,PEAKS PTM
I(+43.01)QTAVRLLLPGE,69.49,1351.7823,12,1.2,676.9026,70.73,1.3383E5,12,19496,EAM0022_G1F4K_V8-AmBic_2-B5_01_4158.d,1,1,XP_003451196.1,Carbamylation,I1:Carbamylation:1000.00,PEAKS PTM
LIVK(+114.04)AVAASKE,69.30,1241.7343,11,1.3,621.8783,33.71,4.9918E4,12,7443,EAM0022_G1F4K_V8-AmBic_2-B5_01_4158.d,2,2,XP_019209840.1:XP_019209845.1:XP_019210165.1:XP_019210164.1:XP_013130399.2:XP_019209843.1:XP_019209837.1,Ubiquitin,K4:Ubiquitin:139.79,PEAKS PTM
ASRLAHYN(+.98)K(+57.02)RSTITSRE,68.89,2047.0559,17,2.3,410.4214,23.33,6.5523E5,12,4160,EAM0022_G1F4K_V8-AmBic_2-B5_01_4158.d,5,5,XP_003451196.1,Deamidation (NQ); Carbamidomethylation (DHKE  X@N-term),N8:Deamidation (NQ):1000.00;K9:Carbamidomethylation (DHKE  X@N-term):19.48,PEAKS PTM
GTKAVTK(+43.01)YTSSK,68.67,1312.6986,12,2.1,438.5766,22.50,3.8831E5,12,3898,EAM0022_G1F4K_V8-AmBic_2-B5_01_4158.d,1,1,XP_003451196.1:XP_003438147.1,Carbamylation,K7:Carbamylation:45.16,PEAKS PTM
LLIRKLPFQRLVRE,68.52,1780.1199,14,1.2,446.0400,54.85,3.1225E7,12,14420,EAM0022_G1F4K_V8-AmBic_2-B5_01_4158.d,4,4,XP_005463512.2,,,PEAKS DB
SEEAPAPAPAPAK(+57.02)ATK(+42.05)KKTTASKPKKVGPSVGE,68.33,3356.8667,33,7.9,560.4922,20.26,0,12,3134,EAM0022_G1F4K_V8-AmBic_2-B5_01_4158.d,0,0,XP_019209843.1:XP_019209837.1,Carbamidomethylation (DHKE  X@N-term); Trimethylation,K13:Carbamidomethylation (DHKE  X@N-term):0.00;K16:Trimethylation:0.00,PEAKS PTM
R(+43.01)VGAGAPVYLAAVLE,67.35,1527.8408,15,2.3,764.9332,70.09,1.7833E5,12,19283,EAM0022_G1F4K_V8-AmBic_2-B5_01_4158.d,1,1,XP_003451211.1:XP_013121737.2:XP_003459572.1:XP_003448939.1:XP_003446914.1,Carbamylation,R1:Carbamylation:1000.00,PEAKS PTM
RVGAGAPVYLAAVLE,67.31,1484.8351,15,3.4,743.4310,69.39,9.5221E6,12,19019,EAM0022_G1F4K_V8-AmBic_2-B5_01_4158.d,5,5,XP_003451211.1:XP_013121737.2:XP_003459572.1:XP_003448939.1:XP_003446914.1,,,PEAKS DB
RKGVSLAALK(+57.02)KALAAGGYDVE,67.14,2173.2219,21,2.9,544.3170,57.71,5.0161E5,12,15555,EAM0022_G1F4K_V8-AmBic_2-B5_01_4158.d,1,1,XP_003459589.1,Carbamidomethylation (DHKE  X@N-term),K10:Carbamidomethylation (DHKE  X@N-term):11.06,PEAKS PTM
NVIRDAVTYTE,67.11,1279.6409,11,2.9,640.8328,46.16,2.5295E7,12,11535,EAM0022_G1F4K_V8-AmBic_2-B5_01_4158.d,3,3,XP_025766521.1,,,PEAKS DB
AEVAPAPAAAPAKPAKKKASKPKKTGPSVSDQILKVVTASKE,66.68,4194.4102,42,1.8,839.8950,45.38,7.8497E4,12,11259,EAM0022_G1F4K_V8-AmBic_2-B5_01_4158.d,1,1,XP_003459589.1,,,PEAKS DB
L(+43.01)AKHAVSE,66.61,896.4716,8,1.9,449.2461,30.30,2.8741E5,12,6401,EAM0022_G1F4K_V8-AmBic_2-B5_01_4158.d,1,1,XP_003451196.1:XP_003438147.1,Carbamylation,L1:Carbamylation:30.83,PEAKS PTM
GTKAVTKYTSSK,66.26,1269.6929,12,0.8,424.2407,19.01,4.3729E4,12,2804,EAM0022_G1F4K_V8-AmBic_2-B5_01_4158.d,2,2,XP_003451196.1:XP_003438147.1,,,PEAKS DB
LDSLIKATIAGGGVIPHIHK(+28.03)SLIGKKGQ(+.98)QKTV,66.04,3335.9656,32,-5.0,668.2004,53.82,2.7936E5,12,14059,EAM0022_G1F4K_V8-AmBic_2-B5_01_4158.d,1,1,XP_003458968.1:XP_005464230.1,Dimethylation(KR); Deamidation (NQ),K20:Dimethylation(KR):7.38;Q28:Deamidation (NQ):0.00,PEAKS PTM
RKGTSLAAIKKYLTAKNVDVPKANKRINTAVAKLVE,66.03,3908.3049,36,0.1,782.6722,54.27,1.1372E6,12,14254,EAM0022_G1F4K_V8-AmBic_2-B5_01_4158.d,2,2,XP_005461836.1,,,PEAKS DB
LNKLLGGVTIAQGGVLPNIQAVLLPKKTEKAK(+43.01),65.82,3354.0125,32,2.2,671.8146,69.25,1.9013E4,12,18994,EAM0022_G1F4K_V8-AmBic_2-B5_01_4158.d,1,1,XP_013121737.2:XP_003459572.1,Carbamylation,K32:Carbamylation:6.67,PEAKS PTM
VAPAAAPAPATE,65.81,1064.5502,12,1.2,533.2856,29.91,1.6856E5,12,6269,EAM0022_G1F4K_V8-AmBic_2-B5_01_4158.d,1,1,XP_003448795.2,,,PEAKS DB
SYAIYVYKVLK(+57.02)QVHPD,64.79,1979.0516,16,1.4,660.6954,66.89,4.2782E4,12,18217,EAM0022_G1F4K_V8-AmBic_2-B5_01_4158.d,1,1,XP_003451196.1,Carbamidomethylation (DHKE  X@N-term),K11:Carbamidomethylation (DHKE  X@N-term):28.36,PEAKS PTM
LKVKRITPRHLQLAIRGDEE,64.76,2371.3811,20,-0.2,593.8554,40.24,4.536E5,12,9552,EAM0022_G1F4K_V8-AmBic_2-B5_01_4158.d,3,3,XP_003458968.1:XP_005464230.1,,,PEAKS DB
RKGVSLAALKK(+43.01)ALAAGGYDVE,64.63,2159.2061,21,1.5,720.7473,64.31,1.9452E4,12,17406,EAM0022_G1F4K_V8-AmBic_2-B5_01_4158.d,1,1,XP_003459589.1,Carbamylation,K11:Carbamylation:12.28,PEAKS PTM
V(+57.02)VKPATMSNNAE,64.36,1316.6394,12,1.3,659.3311,26.88,1.1687E4,12,5346,EAM0022_G1F4K_V8-AmBic_2-B5_01_4158.d,1,1,|#CONTAM#88194745|ref|YP_499541.1|,Carbamidomethylation (DHKE  X@N-term),V1:Carbamidomethylation (DHKE  X@N-term):14.63,PEAKS PTM
RK(+14.02)GVSLAALK(+43.01)KALAAGGYDVE,64.29,2173.2219,21,1.2,725.4191,58.22,1.0265E5,12,15556,EAM0022_G1F4K_V8-AmBic_2-B5_01_4158.d,1,1,XP_003459589.1,Methylation(KR); Carbamylation,K2:Methylation(KR):0.00;K10:Carbamylation:11.06,PEAKS PTM
LDSLIKATIAGGGVIPHIHKSLIGKKGQQKTV,63.84,3306.9502,32,-1.0,662.4000,54.70,1.2039E5,12,14436,EAM0022_G1F4K_V8-AmBic_2-B5_01_4158.d,2,2,XP_003458968.1:XP_005464230.1,,,PEAKS DB
TTN(+.98)GHYAPVTYIQVE,63.45,1692.7994,15,0.4,847.4116,56.46,6.7612E4,12,14936,EAM0022_G1F4K_V8-AmBic_2-B5_01_4158.d,2,2,|#CONTAM#88194745|ref|YP_499541.1|,Deamidation (NQ),N3:Deamidation (NQ):135.36,PEAKS PTM
GDLAIVKFSPNEQNKHIGE,63.37,2095.0698,19,1.2,524.7780,49.54,6.592E4,12,12711,EAM0022_G1F4K_V8-AmBic_2-B5_01_4158.d,1,1,|#CONTAM#88194745|ref|YP_499541.1|,,,PEAKS DB
LSTTGGNSGSPVFNE,62.86,1465.6685,15,-0.4,733.8448,45.03,8.555E4,12,11141,EAM0022_G1F4K_V8-AmBic_2-B5_01_4158.d,1,1,|#CONTAM#88194745|ref|YP_499541.1|,,,PEAKS DB
LIVKAVAASK(+43.01)E,62.45,1170.6971,11,0.6,586.3591,39.78,6.192E4,12,9391,EAM0022_G1F4K_V8-AmBic_2-B5_01_4158.d,2,2,XP_019209840.1:XP_019209845.1:XP_019210165.1:XP_019210164.1:XP_013130399.2:XP_019209843.1:XP_019209837.1,Carbamylation,K10:Carbamylation:78.19,PEAKS PTM
RHQITDTTN(+.98)GHYAPVTYIQVE,62.36,2443.1768,21,1.7,611.8055,51.76,7.2815E4,12,13674,EAM0022_G1F4K_V8-AmBic_2-B5_01_4158.d,1,1,|#CONTAM#88194745|ref|YP_499541.1|,Deamidation (NQ),N9:Deamidation (NQ):0.00,PEAKS PTM
S(+42.01)SAAIALPPPAPAKSPKK(+57.02)RAKSPRKKTGPTVSD,62.17,3437.9470,33,-0.5,688.5997,31.62,4.1571E6,12,7180,EAM0022_G1F4K_V8-AmBic_2-B5_01_4158.d,1,1,XP_003446112.1,Acetylation (Protein N-term); Carbamidomethylation (DHKE  X@N-term),S1:Acetylation (Protein N-term):1000.00;K18:Carbamidomethylation (DHKE  X@N-term):0.00,PEAKS PTM
A(+57.02)SRLAHYNKRSTITSRE,61.86,2046.0719,17,1.9,512.5287,20.49,1.855E6,12,3387,EAM0022_G1F4K_V8-AmBic_2-B5_01_4158.d,1,1,XP_003451196.1,Carbamidomethylation (DHKE  X@N-term),A1:Carbamidomethylation (DHKE  X@N-term):11.50,PEAKS PTM
A(+57.02)SRLAHYNK(+57.02)RSTITSRE,61.82,2103.0933,17,1.3,526.7839,20.77,3.0887E5,12,3307,EAM0022_G1F4K_V8-AmBic_2-B5_01_4158.d,1,1,XP_003451196.1,Carbamidomethylation (DHKE  X@N-term),A1:Carbamidomethylation (DHKE  X@N-term):22.07;K9:Carbamidomethylation (DHKE  X@N-term):68.31,PEAKS PTM
NKKTR(+.98)IIPRHLQLAVRNDEE,61.70,2430.3455,20,1.0,487.0793,38.16,5.6157E4,12,8907,EAM0022_G1F4K_V8-AmBic_2-B5_01_4158.d,1,1,XP_003451211.1:XP_013121737.2:XP_003459572.1:XP_003448939.1:XP_003446914.1,Citrullination,R5:Citrullination:11.12,PEAKS PTM
I(+57.02)AQDFKTDLRFQSSAVM(+15.99)ALQE,61.12,2470.2161,21,0.8,824.4174,61.41,2.5854E5,12,16810,EAM0022_G1F4K_V8-AmBic_2-B5_01_4158.d,1,1,XP_005463512.2,Carbamidomethylation (DHKE  X@N-term); Oxidation (M),I1:Carbamidomethylation (DHKE  X@N-term):16.66;M17:Oxidation (M):1000.00,PEAKS PTM
LAK(+43.01)HAVSE,60.63,896.4716,8,1.5,449.2460,23.02,1.2581E5,12,4036,EAM0022_G1F4K_V8-AmBic_2-B5_01_4158.d,1,1,XP_003451196.1:XP_003438147.1,Carbamylation,K3:Carbamylation:11.22,PEAKS PTM
VVKPATMSNN(+.98)AE,60.46,1260.6019,12,2.5,631.3129,26.78,1.9307E4,12,5311,EAM0022_G1F4K_V8-AmBic_2-B5_01_4158.d,1,1,|#CONTAM#88194745|ref|YP_499541.1|,Deamidation (NQ),N10:Deamidation (NQ):14.02,PEAKS PTM
IAQDFKTDLR(+14.02)FQSSAVM(+15.99)ALQE,59.27,2427.2104,21,0.6,810.0819,61.53,5.2862E5,12,16552,EAM0022_G1F4K_V8-AmBic_2-B5_01_4158.d,1,1,XP_005463512.2,Methylation(KR); Oxidation (M),R10:Methylation(KR):8.26;M17:Oxidation (M):1000.00,PEAKS PTM
I(+57.02)FERIAAE,59.06,1004.5291,8,1.4,503.2750,43.77,8.2375E4,12,10721,EAM0022_G1F4K_V8-AmBic_2-B5_01_4158.d,1,1,XP_003451196.1,Carbamidomethylation (DHKE  X@N-term),I1:Carbamidomethylation (DHKE  X@N-term):39.76,PEAKS PTM
AMQYD(+57.02)LSTTGGNSGSPVFNEKNE,58.97,2502.0969,23,0.5,835.0441,43.33,8.0948E4,12,10595,EAM0022_G1F4K_V8-AmBic_2-B5_01_4158.d,2,2,|#CONTAM#88194745|ref|YP_499541.1|,Carbamidomethylation (DHKE  X@N-term),D5:Carbamidomethylation (DHKE  X@N-term):0.00,PEAKS PTM
LNKLLGGVTIAQGGVLPNIQAVLLPKKTGQSAPSSGKAGKKASSQSQEY,58.81,4918.7241,49,3.5,984.7604,68.80,6.0834E4,12,18802,EAM0022_G1F4K_V8-AmBic_2-B5_01_4158.d,1,1,XP_003446914.1,,,PEAKS DB
ASRLAHYNK(+72.02)R(+28.03)STITSRE,58.70,2089.1028,17,-8.7,523.2810,24.86,6.7593E4,12,4670,EAM0022_G1F4K_V8-AmBic_2-B5_01_4158.d,1,1,XP_003451196.1,Carboxyethyl; Dimethylation(KR),K9:Carboxyethyl:1000.00;R10:Dimethylation(KR):13.13,PEAKS PTM
LNQLLKGVTIAAGGVLPNIHPE,58.38,2253.2844,22,1.8,752.1072,69.29,2.648E4,12,18992,EAM0022_G1F4K_V8-AmBic_2-B5_01_4158.d,1,1,XP_013130602.1:XP_005456204.1,,,PEAKS DB
RKGVSLAALK(+43.01)KALAAGGYDVE,57.56,2159.2061,21,0.8,720.7468,67.65,4.978E4,12,18435,EAM0022_G1F4K_V8-AmBic_2-B5_01_4158.d,2,2,XP_003459589.1,Carbamylation,K10:Carbamylation:14.02,PEAKS PTM
G(+43.01)TKAVTKYTSSK(+57.02),57.47,1369.7201,12,0.5,457.5832,26.32,1.2227E5,12,5043,EAM0022_G1F4K_V8-AmBic_2-B5_01_4158.d,1,1,XP_003451196.1:XP_003438147.1,Carbamylation; Carbamidomethylation (DHKE  X@N-term),G1:Carbamylation:0.00;K12:Carbamidomethylation (DHKE  X@N-term):79.02,PEAKS PTM
NKKTRIIPRHLQLAVRN(+.98)DEE,56.55,2430.3455,20,2.2,608.5980,36.61,1.2287E5,12,8394,EAM0022_G1F4K_V8-AmBic_2-B5_01_4158.d,2,2,XP_003451211.1:XP_013121737.2:XP_003459572.1:XP_003448939.1:XP_003446914.1,Deamidation (NQ),N17:Deamidation (NQ):26.83,PEAKS PTM
TLLTNKHVVD,56.43,1138.6346,10,0.8,570.3279,34.72,9.4022E4,12,7753,EAM0022_G1F4K_V8-AmBic_2-B5_01_4158.d,2,2,|#CONTAM#88194745|ref|YP_499541.1|,,,PEAKS DB
LVARGYDVE,56.31,1020.5240,9,0.4,511.2720,35.40,5.5483E5,12,7986,EAM0022_G1F4K_V8-AmBic_2-B5_01_4158.d,2,2,XP_003448795.2,,,PEAKS DB
RK(+57.02)GVSLAALKKALAAGGYDVE,55.77,2173.2219,21,2.9,544.3170,57.71,5.0161E5,12,15520,EAM0022_G1F4K_V8-AmBic_2-B5_01_4158.d,1,1,XP_003459589.1,Carbamidomethylation (DHKE  X@N-term),K2:Carbamidomethylation (DHKE  X@N-term):0.00,PEAKS PTM
A(+57.02)PTGTFIASGVVVGKD,55.67,1574.8303,16,2.1,788.4280,54.03,1.6479E4,12,14175,EAM0022_G1F4K_V8-AmBic_2-B5_01_4158.d,1,1,|#CONTAM#88194745|ref|YP_499541.1|,Carbamidomethylation (DHKE  X@N-term),A1:Carbamidomethylation (DHKE  X@N-term):16.33,PEAKS PTM
ET(-18.01)RGVLKVFLE,55.60,1271.7238,11,1.3,636.8732,68.02,4.9602E4,12,18540,EAM0022_G1F4K_V8-AmBic_2-B5_01_4158.d,1,1,XP_025766521.1,Dehydration,T2:Dehydration:1000.00,PEAKS PTM
S(+43.01)SAAIALPPPAPAKSPKKRAKSPRKKTGPTVSD,55.10,3381.9207,33,3.7,564.6656,31.86,0,12,6882,EAM0022_G1F4K_V8-AmBic_2-B5_01_4158.d,0,0,XP_003446112.1,Carbamylation,S1:Carbamylation:67.58,PEAKS PTM
NVRNFLKQNIE,54.72,1373.7415,11,0.3,458.9235,45.41,7.4056E4,12,11282,EAM0022_G1F4K_V8-AmBic_2-B5_01_4158.d,2,2,|#CONTAM#88194745|ref|YP_499541.1|,,,PEAKS DB
ASRLAHYNKR(+.98)S(-18.01)TITSRE,54.40,1972.0238,17,1.1,494.0162,21.90,1.8628E4,12,3670,EAM0022_G1F4K_V8-AmBic_2-B5_01_4158.d,1,1,XP_003451196.1,Citrullination; Dehydration,R10:Citrullination:23.15;S11:Dehydration:14.02,PEAKS PTM
I(+57.02)AQDFKTD,54.24,993.4767,8,1.5,497.7488,29.80,7.6565E4,12,6217,EAM0022_G1F4K_V8-AmBic_2-B5_01_4158.d,1,1,XP_005463512.2,Carbamidomethylation (DHKE  X@N-term),I1:Carbamidomethylation (DHKE  X@N-term):68.47,PEAKS PTM
IAQDFK(+14.02)TD,54.11,950.4709,8,1.8,476.2459,29.59,2.087E5,12,6154,EAM0022_G1F4K_V8-AmBic_2-B5_01_4158.d,1,1,XP_005463512.2,Methylation(KR),K6:Methylation(KR):1000.00,PEAKS PTM
G(+57.02)T(+79.97)K(+114.04)AVTKYTSSK,54.09,1520.7235,12,-2.2,761.3712,26.99,9.791E4,12,5367,EAM0022_G1F4K_V8-AmBic_2-B5_01_4158.d,2,2,XP_003451196.1:XP_003438147.1,Carbamidomethylation (DHKE  X@N-term); Phosphorylation (STY); Ubiquitin,G1:Carbamidomethylation (DHKE  X@N-term):72.73;T2:Phosphorylation (STY):58.99;K3:Ubiquitin:62.26,PEAKS PTM
IAQDFK(+14.02)TDLRFQSSAVMALQE,53.79,2411.2153,21,2.3,804.7516,68.80,5.2649E6,12,18107,EAM0022_G1F4K_V8-AmBic_2-B5_01_4158.d,1,1,XP_005463512.2,Methylation(KR),K6:Methylation(KR):6.91,PEAKS PTM
L(+43.01)AGNAARD,53.69,829.4042,8,2.0,415.7122,29.53,1.0798E4,12,6146,EAM0022_G1F4K_V8-AmBic_2-B5_01_4158.d,1,1,XP_003451211.1:XP_013121737.2:XP_003459572.1:XP_003448939.1:XP_003446914.1:XP_013130602.1:XP_005456204.1,Carbamylation,L1:Carbamylation:1000.00,PEAKS PTM
GT(+114.04)KAVTKYTSSK,53.41,1383.7357,12,3.4,462.2564,24.55,1.6748E4,12,4594,EAM0022_G1F4K_V8-AmBic_2-B5_01_4158.d,1,1,XP_003451196.1:XP_003438147.1,Ubiquitin,T2:Ubiquitin:11.06,PEAKS PTM
I(+57.02)AQDFKTDLRFQSSAVMALQE,52.58,2454.2212,21,2.2,819.0869,69.67,1.6209E6,12,19360,EAM0022_G1F4K_V8-AmBic_2-B5_01_4158.d,1,1,XP_005463512.2,Carbamidomethylation (DHKE  X@N-term),I1:Carbamidomethylation (DHKE  X@N-term):11.27,PEAKS PTM
ASRLAH(+57.02)YNKRSTITSRE,52.55,2046.0719,17,2.1,410.2245,20.80,1.1239E6,12,3388,EAM0022_G1F4K_V8-AmBic_2-B5_01_4158.d,2,2,XP_003451196.1,Carbamidomethylation (DHKE  X@N-term),H6:Carbamidomethylation (DHKE  X@N-term):9.42,PEAKS PTM
NIQGITKPAIRRLARRGGVKRISGLIYEE,52.53,3263.9053,29,1.5,653.7925,48.98,8.5669E5,12,12478,EAM0022_G1F4K_V8-AmBic_2-B5_01_4158.d,2,2,XP_025766521.1,,,PEAKS DB
ASRLAHYNKRSTITSRE(-.98),52.40,1988.0664,17,2.2,398.6234,19.87,0,12,3017,EAM0022_G1F4K_V8-AmBic_2-B5_01_4158.d,0,0,XP_003451196.1,Amidation,E17:Amidation:1000.00,PEAKS PTM
ASRLAHYNKR(+.98)S(+114.04)TITSRE,52.37,2104.0774,17,6.8,421.8277,24.15,0,12,4454,EAM0022_G1F4K_V8-AmBic_2-B5_01_4158.d,0,0,XP_003451196.1,Citrullination; Ubiquitin,R10:Citrullination:23.62;S11:Ubiquitin:0.00,PEAKS PTM
LRFQSSAVM(+15.99)ALQEASE,52.27,1781.8618,16,1.1,891.9436,58.36,2.7032E4,12,15511,EAM0022_G1F4K_V8-AmBic_2-B5_01_4158.d,1,1,XP_005463512.2,Oxidation (M),M9:Oxidation (M):1000.00,PEAKS PTM
IAQDFKTDLR(+14.02)FQSSAVMALQE,52.24,2411.2153,21,2.3,804.7516,68.80,5.2677E6,12,18657,EAM0022_G1F4K_V8-AmBic_2-B5_01_4158.d,2,2,XP_005463512.2,Methylation(KR),R10:Methylation(KR):43.39,PEAKS PTM
IAQDFKTD,52.12,936.4552,8,0.9,469.2376,28.84,1.0512E6,12,5975,EAM0022_G1F4K_V8-AmBic_2-B5_01_4158.d,1,1,XP_005463512.2,,,PEAKS DB
L(+57.02)LIRKLPFQRLVRE,51.93,1837.1414,14,1.4,460.2955,57.57,2.2817E6,12,15252,EAM0022_G1F4K_V8-AmBic_2-B5_01_4158.d,1,1,XP_005463512.2,Carbamidomethylation (DHKE  X@N-term),L1:Carbamidomethylation (DHKE  X@N-term):42.68,PEAKS PTM
TRGVLKVFLE,51.82,1160.6917,10,0.8,581.3564,56.93,9.3611E6,12,15448,EAM0022_G1F4K_V8-AmBic_2-B5_01_4158.d,2,2,XP_025766521.1,,,PEAKS DB
LAIVKFSPNEQNKHIGE,51.61,1923.0214,17,0.4,481.7652,45.76,3.9419E4,12,11415,EAM0022_G1F4K_V8-AmBic_2-B5_01_4158.d,1,1,|#CONTAM#88194745|ref|YP_499541.1|,,,PEAKS DB
ASRLAHYN(+.98)K(+43.01)RSTITSRE,51.37,2033.0402,17,5.0,509.2724,30.23,0,12,6381,EAM0022_G1F4K_V8-AmBic_2-B5_01_4158.d,0,0,XP_003451196.1,Deamidation (NQ); Carbamylation,N8:Deamidation (NQ):1000.00;K9:Carbamylation:41.10,PEAKS PTM
L(+43.01)LIRKLPFQRLVRE,51.29,1823.1257,14,0.2,456.7911,69.01,5.5823E5,12,18863,EAM0022_G1F4K_V8-AmBic_2-B5_01_4158.d,1,1,XP_005463512.2,Carbamylation,L1:Carbamylation:61.69,PEAKS PTM
VVK(+57.02)PATMSNNAE,51.16,1316.6394,12,0.8,659.3307,25.68,1.2764E4,12,4941,EAM0022_G1F4K_V8-AmBic_2-B5_01_4158.d,1,1,|#CONTAM#88194745|ref|YP_499541.1|,Carbamidomethylation (DHKE  X@N-term),K3:Carbamidomethylation (DHKE  X@N-term):14.04,PEAKS PTM
ASRLAHY(+15.99)NKRSTITSRE,51.11,2005.0453,17,0.3,502.2712,19.00,3.5462E4,12,2795,EAM0022_G1F4K_V8-AmBic_2-B5_01_4158.d,1,1,XP_003451196.1,Oxidation or Hydroxylation,Y7:Oxidation or Hydroxylation:14.02,PEAKS PTM
A(+57.02)MQYDLSTTGGNSGSPVFNEKNE,50.70,2502.0969,23,0.5,835.0441,43.33,7.2902E4,12,10573,EAM0022_G1F4K_V8-AmBic_2-B5_01_4158.d,1,1,|#CONTAM#88194745|ref|YP_499541.1|,Carbamidomethylation (DHKE  X@N-term),A1:Carbamidomethylation (DHKE  X@N-term):0.00,PEAKS PTM
R(+.98)HQITDTTNGHYAPVTYIQVE,50.66,2443.1768,21,1.2,815.4045,52.40,2.3886E4,12,13678,EAM0022_G1F4K_V8-AmBic_2-B5_01_4158.d,1,1,|#CONTAM#88194745|ref|YP_499541.1|,Citrullination,R1:Citrullination:1000.00,PEAKS PTM
T(+57.02)RGVLKVFLE,50.45,1217.7131,10,0.6,406.9139,58.95,6.4289E5,12,15750,EAM0022_G1F4K_V8-AmBic_2-B5_01_4158.d,2,2,XP_025766521.1,Carbamidomethylation (DHKE  X@N-term),T1:Carbamidomethylation (DHKE  X@N-term):46.62,PEAKS PTM
APAPAPAPAKAAKKKKTTASKPKKVGPSVGE,50.38,3010.7654,31,1.3,603.1641,19.10,3.5042E4,12,2825,EAM0022_G1F4K_V8-AmBic_2-B5_01_4158.d,2,2,XP_019209840.1:XP_019209845.1,,,PEAKS DB
ATHGDPHALKAFPSAINQD,50.28,1988.9703,19,-0.1,664.0006,43.58,5.2094E4,12,10678,EAM0022_G1F4K_V8-AmBic_2-B5_01_4158.d,2,2,|#CONTAM#88194745|ref|YP_499541.1|,,,PEAKS DB
IFERIAAE,49.69,947.5076,8,0.3,474.7636,41.99,2.1601E6,12,10316,EAM0022_G1F4K_V8-AmBic_2-B5_01_4158.d,1,1,XP_003451196.1,,,PEAKS DB
GTKAVTK(+57.02)YTSSK(+43.01),49.59,1369.7201,12,2.0,685.8721,21.94,6.5694E3,12,3694,EAM0022_G1F4K_V8-AmBic_2-B5_01_4158.d,1,1,XP_003451196.1:XP_003438147.1,Carbamidomethylation (DHKE  X@N-term); Carbamylation,K7:Carbamidomethylation (DHKE  X@N-term):29.88;K12:Carbamylation:0.00,PEAKS PTM
QITKYSGE,49.52,924.4553,8,2.1,463.2382,22.57,1.837E4,12,3911,EAM0022_G1F4K_V8-AmBic_2-B5_01_4158.d,1,1,|#CONTAM#88194745|ref|YP_499541.1|,,,PEAKS DB
L(+43.01)IVK(+57.02)AVAASKE,49.47,1227.7186,11,-0.3,614.8694,40.24,7.2886E3,12,9555,EAM0022_G1F4K_V8-AmBic_2-B5_01_4158.d,1,1,XP_019209840.1:XP_019209845.1:XP_019210165.1:XP_019210164.1:XP_013130399.2:XP_019209843.1:XP_019209837.1,Carbamylation; Carbamidomethylation (DHKE  X@N-term),L1:Carbamylation:49.37;K4:Carbamidomethylation (DHKE  X@N-term):49.37,PEAKS PTM
SDAVVHPTNSSLYTGGE,49.06,1732.7904,17,-0.5,867.4064,41.13,8.2482E3,12,9854,EAM0022_G1F4K_V8-AmBic_2-B5_01_4158.d,1,1,XP_013130602.1:XP_005456204.1,,,PEAKS DB
L(+43.01)IVKAVKE,49.03,941.5909,8,0.9,471.8055,51.90,4.4448E4,12,13499,EAM0022_G1F4K_V8-AmBic_2-B5_01_4158.d,1,1,XP_003448795.2,Carbamylation,L1:Carbamylation:62.26,PEAKS PTM
VVKPATMSNNAETQVNQNITVTGYPGDKPVATMWE,48.77,3789.8342,35,5.4,1264.2985,62.99,6.2974E3,12,17000,EAM0022_G1F4K_V8-AmBic_2-B5_01_4158.d,1,1,|#CONTAM#88194745|ref|YP_499541.1|,,,PEAKS DB
G(+57.02)TKAVTK(+43.01)YTSSK,48.68,1369.7201,12,0.7,685.8712,22.71,3.0292E4,12,3956,EAM0022_G1F4K_V8-AmBic_2-B5_01_4158.d,1,1,XP_003451196.1:XP_003438147.1,Carbamidomethylation (DHKE  X@N-term); Carbamylation,G1:Carbamidomethylation (DHKE  X@N-term):14.04;K7:Carbamylation:14.62,PEAKS PTM
LIVKAVKE,48.27,898.5851,8,1.2,450.3026,30.25,2.8488E5,12,6380,EAM0022_G1F4K_V8-AmBic_2-B5_01_4158.d,1,1,XP_003448795.2,,,PEAKS DB
S(+42.01)SAAIALPPPAPAKSPKKRAK(+43.01)SPRKKTGPTVSD,48.25,3423.9314,33,1.7,685.7981,34.52,1.1825E6,12,7997,EAM0022_G1F4K_V8-AmBic_2-B5_01_4158.d,1,1,XP_003446112.1,Acetylation (Protein N-term); Carbamylation,S1:Acetylation (Protein N-term):1000.00;K21:Carbamylation:0.00,PEAKS PTM
ASRLAHYNKR(+31.99)STITSRE,48.02,2021.0402,17,3.7,405.2188,20.57,0,12,3248,EAM0022_G1F4K_V8-AmBic_2-B5_01_4158.d,0,0,XP_003451196.1,Dihydroxy,R10:Dihydroxy:0.00,PEAKS PTM
LLIRK(+43.01)LPFQRLVRE,48.00,1823.1257,14,0.6,456.7913,65.06,5.4252E5,12,17609,EAM0022_G1F4K_V8-AmBic_2-B5_01_4158.d,1,1,XP_005463512.2,Carbamylation,K5:Carbamylation:50.57,PEAKS PTM
ETRGVLK(+57.02)VFLE,47.86,1346.7557,11,1.8,674.3897,60.66,1.3215E5,12,16290,EAM0022_G1F4K_V8-AmBic_2-B5_01_4158.d,2,2,XP_025766521.1,Carbamidomethylation (DHKE  X@N-term),K7:Carbamidomethylation (DHKE  X@N-term):42.68,PEAKS PTM
A(+57.02)YLVGLFE,47.77,967.5015,8,1.1,484.7609,70.23,1.4194E5,12,19347,EAM0022_G1F4K_V8-AmBic_2-B5_01_4158.d,3,3,XP_005463512.2,Carbamidomethylation (DHKE  X@N-term),A1:Carbamidomethylation (DHKE  X@N-term):47.00,PEAKS PTM
TGISSKAMSIM(+15.99)NSFVNDIFE,47.77,2206.0286,20,2.0,1104.0293,69.70,2.3152E4,12,19152,EAM0022_G1F4K_V8-AmBic_2-B5_01_4158.d,1,1,XP_003451196.1,Oxidation (M),M11:Oxidation (M):47.09,PEAKS PTM
LAGNAARDNKKTRIIPRHLQLAVRNDE,47.72,3068.7068,27,1.0,512.4615,36.12,2.4144E4,12,8227,EAM0022_G1F4K_V8-AmBic_2-B5_01_4158.d,1,1,XP_003451211.1:XP_013121737.2:XP_003459572.1:XP_003448939.1:XP_003446914.1,,,PEAKS DB
TTNGHYAPVTYIQVE,47.64,1691.8154,15,0.1,846.9193,53.86,1.2671E4,12,14110,EAM0022_G1F4K_V8-AmBic_2-B5_01_4158.d,1,1,|#CONTAM#88194745|ref|YP_499541.1|,,,PEAKS DB
G(+43.01)TKAVTK(+57.02)YTSSK,47.16,1369.7201,12,2.4,457.5840,21.93,2.4818E4,12,3692,EAM0022_G1F4K_V8-AmBic_2-B5_01_4158.d,1,1,XP_003451196.1:XP_003438147.1,Carbamylation; Carbamidomethylation (DHKE  X@N-term),G1:Carbamylation:0.00;K7:Carbamidomethylation (DHKE  X@N-term):43.39,PEAKS PTM
TRGVLK(+114.04)VFLE,46.92,1274.7346,10,1.7,425.9216,58.80,1.476E5,12,15748,EAM0022_G1F4K_V8-AmBic_2-B5_01_4158.d,3,3,XP_025766521.1,Ubiquitin,K6:Ubiquitin:19.89,PEAKS PTM
GDLAIVKFSPNE,46.89,1288.6663,12,1.5,645.3445,57.42,2.5132E4,12,15244,EAM0022_G1F4K_V8-AmBic_2-B5_01_4158.d,1,1,|#CONTAM#88194745|ref|YP_499541.1|,,,PEAKS DB
T(+57.02)R(+.98)GVLKVFLE,46.79,1218.6971,10,2.2,407.2426,64.35,1.1787E5,12,17386,EAM0022_G1F4K_V8-AmBic_2-B5_01_4158.d,2,2,XP_025766521.1,Carbamidomethylation (DHKE  X@N-term); Citrullination,T1:Carbamidomethylation (DHKE  X@N-term):34.83;R2:Citrullination:1000.00,PEAKS PTM
G(+43.01)TK(+57.02)AVTKYTSSK,46.78,1369.7201,12,0.5,457.5832,26.32,1.2227E5,12,5145,EAM0022_G1F4K_V8-AmBic_2-B5_01_4158.d,1,1,XP_003451196.1:XP_003438147.1,Carbamylation; Carbamidomethylation (DHKE  X@N-term),G1:Carbamylation:11.10;K3:Carbamidomethylation (DHKE  X@N-term):11.10,PEAKS PTM
LSTTGGN(+.98)SGSPVFNEKNE,46.66,1837.8330,18,1.7,919.9299,40.28,1.2377E4,12,9556,EAM0022_G1F4K_V8-AmBic_2-B5_01_4158.d,1,1,|#CONTAM#88194745|ref|YP_499541.1|,Deamidation (NQ),N7:Deamidation (NQ):35.88,PEAKS PTM
VAPAPAAAPAKPAKKKASKPKKTGPSVSDQ(+.98)ILKVVTASKE,46.37,3995.3145,40,6.0,571.7728,44.75,1.0022E6,12,11103,EAM0022_G1F4K_V8-AmBic_2-B5_01_4158.d,1,1,XP_003459589.1,Deamidation (NQ),Q30:Deamidation (NQ):1000.00,PEAKS PTM
LIVK(+57.02)AVAASKE,46.00,1184.7128,11,0.3,395.9136,32.27,4.218E5,12,7158,EAM0022_G1F4K_V8-AmBic_2-B5_01_4158.d,1,1,XP_019209840.1:XP_019209845.1:XP_019210165.1:XP_019210164.1:XP_013130399.2:XP_019209843.1:XP_019209837.1,Carbamidomethylation (DHKE  X@N-term),K4:Carbamidomethylation (DHKE  X@N-term):0.00,PEAKS PTM
L(+57.02)RFQSSAVM(+15.99)ALQE,45.95,1551.7715,13,-1.7,776.8956,52.52,2.9486E4,12,13695,EAM0022_G1F4K_V8-AmBic_2-B5_01_4158.d,1,1,XP_005463512.2,Carbamidomethylation (DHKE  X@N-term); Oxidation (M),L1:Carbamidomethylation (DHKE  X@N-term):85.25;M9:Oxidation (M):1000.00,PEAKS PTM
IAQDFK(+28.03)TD,45.92,964.4865,8,1.2,483.2535,30.02,4.0744E4,12,6290,EAM0022_G1F4K_V8-AmBic_2-B5_01_4158.d,1,1,XP_005463512.2,Dimethylation(KR),K6:Dimethylation(KR):1000.00,PEAKS PTM
L(+57.02)LIRK(+57.02)LPFQRLVRE,45.63,1894.1628,14,1.5,474.5511,57.88,4.1389E5,12,15264,EAM0022_G1F4K_V8-AmBic_2-B5_01_4158.d,1,1,XP_005463512.2,Carbamidomethylation (DHKE  X@N-term),L1:Carbamidomethylation (DHKE  X@N-term):52.58;K5:Carbamidomethylation (DHKE  X@N-term):31.90,PEAKS PTM
LIVK(+43.01)AVKE,45.38,941.5909,8,2.3,471.8062,39.30,1.4931E4,12,9255,EAM0022_G1F4K_V8-AmBic_2-B5_01_4158.d,1,1,XP_003448795.2,Carbamylation,K4:Carbamylation:34.76,PEAKS PTM
IQTAVRLLLPGE(-.98),45.24,1307.7925,12,2.4,654.9083,63.90,0,12,17286,EAM0022_G1F4K_V8-AmBic_2-B5_01_4158.d,0,0,XP_003451196.1,Amidation,E12:Amidation:1000.00,PEAKS PTM
SYAIYVYK(+43.01)VLKQVHPD,45.23,1965.0359,16,2.7,656.0243,69.70,1.5669E4,12,19084,EAM0022_G1F4K_V8-AmBic_2-B5_01_4158.d,1,1,XP_003451196.1,Carbamylation,K8:Carbamylation:12.33,PEAKS PTM
E(+57.02)T(-18.01)RGVLKVFLE,45.17,1328.7452,11,0.7,665.3837,66.78,1.8027E5,12,18158,EAM0022_G1F4K_V8-AmBic_2-B5_01_4158.d,1,1,XP_025766521.1,Carbamidomethylation (DHKE  X@N-term); Dehydration,E1:Carbamidomethylation (DHKE  X@N-term):37.05;T2:Dehydration:1000.00,PEAKS PTM
LAGNAARDNK(+72.02)KTRIIPRHLQLAVRND(+57.02)E,45.05,3197.7493,27,2.3,640.5618,36.48,8.8626E6,12,8330,EAM0022_G1F4K_V8-AmBic_2-B5_01_4158.d,1,1,XP_003451211.1:XP_013121737.2:XP_003459572.1:XP_003448939.1:XP_003446914.1,Carboxyethyl; Carbamidomethylation (DHKE  X@N-term),K10:Carboxyethyl:0.00;D26:Carbamidomethylation (DHKE  X@N-term):0.00,PEAKS PTM
IAQDFKTD(+57.02)LRFQSSAVMALQE,45.04,2454.2212,21,2.2,819.0869,69.67,1.6209E6,12,18978,EAM0022_G1F4K_V8-AmBic_2-B5_01_4158.d,1,1,XP_005463512.2,Carbamidomethylation (DHKE  X@N-term),D8:Carbamidomethylation (DHKE  X@N-term):8.64,PEAKS PTM
ASRLAHYN(+15.99)KRSTITSRE,45.00,2005.0453,17,-7.4,402.0154,20.56,0,12,3246,EAM0022_G1F4K_V8-AmBic_2-B5_01_4158.d,0,0,XP_003451196.1,Oxidation or Hydroxylation,N8:Oxidation or Hydroxylation:0.00,PEAKS PTM
IAQDFK(+57.02)TDLRFQSSAVM(+15.99)ALQE,44.64,2470.2161,21,0.8,824.4174,61.41,2.5854E5,12,16485,EAM0022_G1F4K_V8-AmBic_2-B5_01_4158.d,1,1,XP_005463512.2,Carbamidomethylation (DHKE  X@N-term); Oxidation (M),K6:Carbamidomethylation (DHKE  X@N-term):0.00;M17:Oxidation (M):1000.00,PEAKS PTM
I(+43.01)AQDFKTD,44.51,979.4611,8,2.9,490.7417,52.35,1.4373E4,12,13659,EAM0022_G1F4K_V8-AmBic_2-B5_01_4158.d,1,1,XP_005463512.2,Carbamylation,I1:Carbamylation:79.02,PEAKS PTM
IAQDFK(+28.03)TDLRFQSSAVMALQE,44.13,2425.2312,21,0.7,809.4222,66.57,1.6645E5,12,18956,EAM0022_G1F4K_V8-AmBic_2-B5_01_4158.d,1,1,XP_005463512.2,Dimethylation(KR),K6:Dimethylation(KR):6.65,PEAKS PTM
L(+57.02)IVKAVKE,43.96,955.6066,8,0.7,478.8133,31.43,3.3327E4,12,6724,EAM0022_G1F4K_V8-AmBic_2-B5_01_4158.d,1,1,XP_003448795.2,Carbamidomethylation (DHKE  X@N-term),L1:Carbamidomethylation (DHKE  X@N-term):40.63,PEAKS PTM
AMQYDLSTTGGNSGSPVFNEKN(+.98)E,43.83,2446.0593,23,2.7,816.3666,53.03,1.2565E4,12,13849,EAM0022_G1F4K_V8-AmBic_2-B5_01_4158.d,1,1,|#CONTAM#88194745|ref|YP_499541.1|,Deamidation (NQ),N22:Deamidation (NQ):0.00,PEAKS PTM
SEEAPAPAPAPAKAAKKKKTTASK(+57.02)PKKVGPSVGE,43.79,3412.9041,34,2.5,569.8289,20.21,3.0933E5,12,3074,EAM0022_G1F4K_V8-AmBic_2-B5_01_4158.d,1,1,XP_019209840.1:XP_019209845.1,Carbamidomethylation (DHKE  X@N-term),K24:Carbamidomethylation (DHKE  X@N-term):3.61,PEAKS PTM
IAQDFK(+57.02)TDLRFQSSAVMALQE,43.43,2454.2212,21,2.2,819.0869,69.67,1.6209E6,12,17857,EAM0022_G1F4K_V8-AmBic_2-B5_01_4158.d,1,1,XP_005463512.2,Carbamidomethylation (DHKE  X@N-term),K6:Carbamidomethylation (DHKE  X@N-term):0.00,PEAKS PTM
IAQDFK(+57.02)TDLR(+14.02)FQSSAVMALQE,43.42,2468.2368,21,3.4,823.7598,69.63,7.8183E5,12,18911,EAM0022_G1F4K_V8-AmBic_2-B5_01_4158.d,1,1,XP_005463512.2,Carbamidomethylation (DHKE  X@N-term); Methylation(KR),K6:Carbamidomethylation (DHKE  X@N-term):5.47;R10:Methylation(KR):1000.00,PEAKS PTM
LIVKAVK(+57.02)E,43.35,955.6066,8,2.2,478.8140,30.42,2.9377E4,12,6382,EAM0022_G1F4K_V8-AmBic_2-B5_01_4158.d,1,1,XP_003448795.2,Carbamidomethylation (DHKE  X@N-term),K7:Carbamidomethylation (DHKE  X@N-term):0.00,PEAKS PTM
IAQDFK(+57.02)TD,43.10,993.4767,8,1.6,497.7489,28.87,4.652E4,12,5965,EAM0022_G1F4K_V8-AmBic_2-B5_01_4158.d,1,1,XP_005463512.2,Carbamidomethylation (DHKE  X@N-term),K6:Carbamidomethylation (DHKE  X@N-term):32.28,PEAKS PTM
IQTAVRLLLPGE(+57.02)LAKHAVSE,42.76,2201.2532,20,0.8,551.3237,61.85,0,12,16669,EAM0022_G1F4K_V8-AmBic_2-B5_01_4158.d,0,0,XP_003451196.1,Carbamidomethylation (DHKE  X@N-term),E12:Carbamidomethylation (DHKE  X@N-term):24.24,PEAKS PTM
LLIRK(+57.02)LPFQRLVRE,42.71,1837.1414,14,1.7,460.2957,54.86,1.5475E6,12,14423,EAM0022_G1F4K_V8-AmBic_2-B5_01_4158.d,1,1,XP_005463512.2,Carbamidomethylation (DHKE  X@N-term),K5:Carbamidomethylation (DHKE  X@N-term):31.56,PEAKS PTM
LIVK(+57.02)AVAASK(+57.02)E,42.67,1241.7343,11,2.7,414.9219,32.71,3.6538E4,12,7037,EAM0022_G1F4K_V8-AmBic_2-B5_01_4158.d,1,1,XP_019209840.1:XP_019209845.1:XP_019210165.1:XP_019210164.1:XP_013130399.2:XP_019209843.1:XP_019209837.1,Carbamidomethylation (DHKE  X@N-term),K4:Carbamidomethylation (DHKE  X@N-term):9.42;K10:Carbamidomethylation (DHKE  X@N-term):0.00,PEAKS PTM
SYAIYVYKVLKQVHPD(+57.02),42.61,1979.0516,16,8.7,660.7002,66.82,0,12,18197,EAM0022_G1F4K_V8-AmBic_2-B5_01_4158.d,0,0,XP_003451196.1,Carbamidomethylation (DHKE  X@N-term),D16:Carbamidomethylation (DHKE  X@N-term):0.00,PEAKS PTM
N(+57.02)(+.98)VIRDAVTYTE,41.64,1337.6462,11,2.5,669.8354,56.51,1.3471E4,12,14947,EAM0022_G1F4K_V8-AmBic_2-B5_01_4158.d,1,1,XP_025766521.1,Carbamidomethylation (DHKE  X@N-term); Deamidation (NQ),N1:Carbamidomethylation (DHKE  X@N-term):12.42;N1:Deamidation (NQ):1000.00,PEAKS PTM
A(+43.01)SRLAHYNK(+57.02)RSTITSRE,41.50,2089.0776,17,2.2,523.2805,29.64,8.7122E4,12,6183,EAM0022_G1F4K_V8-AmBic_2-B5_01_4158.d,3,3,XP_003451196.1,Carbamylation; Carbamidomethylation (DHKE  X@N-term),A1:Carbamylation:47.82;K9:Carbamidomethylation (DHKE  X@N-term):19.61,PEAKS PTM
ASRLAHY(-18.01)N(+.98)KRSTITSRE,41.46,1972.0238,17,3.3,395.4153,22.85,6.5984E3,12,3997,EAM0022_G1F4K_V8-AmBic_2-B5_01_4158.d,1,1,XP_003451196.1,Dehydration; Deamidation (NQ),Y7:Dehydration:7.28;N8:Deamidation (NQ):1000.00,PEAKS PTM
T(+43.01)RGVLKVFLE,41.38,1203.6975,10,1.5,602.8599,69.11,3.9919E5,12,18909,EAM0022_G1F4K_V8-AmBic_2-B5_01_4158.d,1,1,XP_025766521.1,Carbamylation,T1:Carbamylation:23.49,PEAKS PTM
ETRGVLKVFLE,41.36,1289.7343,11,1.4,645.8785,60.58,2.0505E6,12,16247,EAM0022_G1F4K_V8-AmBic_2-B5_01_4158.d,2,2,XP_025766521.1,,,PEAKS DB
L(+43.01)AKH(+57.02)AVSE,41.31,953.4930,8,1.1,477.7567,29.33,0,12,6106,EAM0022_G1F4K_V8-AmBic_2-B5_01_4158.d,0,0,XP_003451196.1:XP_003438147.1,Carbamylation; Carbamidomethylation (DHKE  X@N-term),L1:Carbamylation:18.53;H4:Carbamidomethylation (DHKE  X@N-term):17.01,PEAKS PTM
IATYRKLLE,41.25,1105.6495,9,1.0,369.5593,42.19,1.7733E4,12,10195,EAM0022_G1F4K_V8-AmBic_2-B5_01_4158.d,2,2,|#CONTAM#47132620|ref|NP_000414.2|:|#CONTAM#1034577753|ref|XP_016874238.1|:|#CONTAM#5031839|ref|NP_005545.1|:|#CONTAM#15618995|ref|NP_258259.1|:|#CONTAM#32567786|ref|NP_787028.1|:|#CONTAM#1034578055|ref|XP_016874325.1|:|#CONTAM#1034578051|ref|XP_016874323.1|:|#CONTAM#372466577|ref|NP_001243222.1|:|#CONTAM#4504919|ref|NP_002264.1|:|#CONTAM#226246665|ref|NP_001139698.1|:|#CONTAM#372466572|ref|NP_001243211.1|:|#CONTAM#119703753|ref|NP_005546.2|:|#CONTAM#226246663|ref|NP_001139697.1|:|#CONTAM#28372503|ref|NP_542785.1|:|#CONTAM#155969697|ref|NP_775109.2|:|#CONTAM#119395754|ref|NP_000415.2|:|#CONTAM#109148552|ref|NP_476429.2|:|#CONTAM#767974019|ref|XP_011536559.1|:|#CONTAM#28173564|ref|NP_778238.1|:|#CONTAM#148612803|ref|NP_778223.2|:|#CONTAM#1034578053|ref|XP_016874324.1|:|#CONTAM#1034578049|ref|XP_016874322.1|:|#CONTAM#767974195|ref|XP_011536627.1|:|#CONTAM#1034578057|ref|XP_016874326.1|:|#CONTAM#67782365|ref|NP_005547.3|:|#CONTAM#1034579496|ref|XP_016874783.1|:|#CONTAM#153791158|ref|NP_004684.2|:|#CONTAM#153791670|ref|NP_056932.2|:|#CONTAM#331999954|ref|NP_002263.3|,,,PEAKS DB
IAQDFKTD(-.98),41.10,935.4712,8,-0.4,468.7450,26.71,2.1882E4,12,5283,EAM0022_G1F4K_V8-AmBic_2-B5_01_4158.d,1,1,XP_005463512.2,Amidation,D8:Amidation:1000.00,PEAKS PTM
YLTAEVLE,41.05,936.4804,8,-8.5,469.2458,56.91,0,12,15114,EAM0022_G1F4K_V8-AmBic_2-B5_01_4158.d,0,0,XP_003458968.1:XP_005464230.1,,,PEAKS DB
L(+57.02)AK(+43.01)HAVSE,40.96,953.4930,8,2.0,477.7571,23.47,3.745E3,12,4216,EAM0022_G1F4K_V8-AmBic_2-B5_01_4158.d,1,1,XP_003451196.1:XP_003438147.1,Carbamidomethylation (DHKE  X@N-term); Carbamylation,L1:Carbamidomethylation (DHKE  X@N-term):17.81;K3:Carbamylation:15.73,PEAKS PTM
TRGVLK(+57.02)VFLE,40.87,1217.7131,10,3.0,406.9149,57.24,7.5944E5,12,15159,EAM0022_G1F4K_V8-AmBic_2-B5_01_4158.d,2,2,XP_025766521.1,Carbamidomethylation (DHKE  X@N-term),K6:Carbamidomethylation (DHKE  X@N-term):28.79,PEAKS PTM
I(+43.01)QTAVRLLLPGE(+57.02)LAKHAVSE,40.60,2244.2590,20,0.7,749.0978,69.84,3.9334E4,12,19200,EAM0022_G1F4K_V8-AmBic_2-B5_01_4158.d,1,1,XP_003451196.1,Carbamylation; Carbamidomethylation (DHKE  X@N-term),I1:Carbamylation:64.77;E12:Carbamidomethylation (DHKE  X@N-term):17.81,PEAKS PTM
TGISSKAM(+15.99)SIMNSFVND,40.36,1816.8335,17,0.2,909.4287,65.87,1.4189E4,12,17873,EAM0022_G1F4K_V8-AmBic_2-B5_01_4158.d,1,1,XP_003451196.1,Oxidation (M),M8:Oxidation (M):12.16,PEAKS PTM
IAQDFK(+14.02)TDLR(+.98)FQSSAVMALQE,40.11,2412.1995,21,6.4,805.0829,66.28,0,12,18029,EAM0022_G1F4K_V8-AmBic_2-B5_01_4158.d,0,0,XP_005463512.2,Methylation(KR); Citrullination,K6:Methylation(KR):1000.00;R10:Citrullination:1000.00,PEAKS PTM
ASRLAQ(+.98)Y(-18.01)NK(+28.03)RSTITSRE,40.06,1991.0548,17,2.4,399.2212,20.48,0,12,3216,EAM0022_G1F4K_V8-AmBic_2-B5_01_4158.d,0,0,XP_003438147.1,Deamidation (NQ); Dehydration; Dimethylation(KR),Q6:Deamidation (NQ):0.00;Y7:Dehydration:8.26;K9:Dimethylation(KR):17.01,PEAKS PTM
TRGVLKVFLE(+57.02),40.03,1217.7131,10,-0.1,406.9136,56.43,1.4397E4,12,14944,EAM0022_G1F4K_V8-AmBic_2-B5_01_4158.d,1,1,XP_025766521.1,Carbamidomethylation (DHKE  X@N-term),E10:Carbamidomethylation (DHKE  X@N-term):49.79,PEAKS PTM
SKGKITYLKGE,40.01,1222.6921,11,-3.0,408.5721,25.03,3.3039E3,12,4739,EAM0022_G1F4K_V8-AmBic_2-B5_01_4158.d,1,1,|#CONTAM#88194745|ref|YP_499541.1|,,,PEAKS DB
LLIRK(+114.04)LPFQRLVRE,39.63,1894.1628,14,1.5,474.5511,57.88,4.1389E5,12,15435,EAM0022_G1F4K_V8-AmBic_2-B5_01_4158.d,1,1,XP_005463512.2,Ubiquitin,K5:Ubiquitin:1000.00,PEAKS PTM
I(+43.01)AQDFKTDLRFQSSAVMALQE,39.62,2440.2056,21,0.7,814.4138,69.61,0,12,19128,EAM0022_G1F4K_V8-AmBic_2-B5_01_4158.d,0,0,XP_005463512.2,Carbamylation,I1:Carbamylation:7.61,PEAKS PTM
AMQYDLSTTGGNSGSPVFNE,39.50,2073.8950,20,1.8,692.3103,58.29,3.1987E4,12,15594,EAM0022_G1F4K_V8-AmBic_2-B5_01_4158.d,2,2,|#CONTAM#88194745|ref|YP_499541.1|,,,PEAKS DB
ASRLAHYNKR(+.98)ST(-18.01)ITSRE,39.39,1972.0238,17,2.6,395.4150,21.90,1.4933E4,12,3672,EAM0022_G1F4K_V8-AmBic_2-B5_01_4158.d,1,1,XP_003451196.1,Citrullination; Dehydration,R10:Citrullination:11.90;T12:Dehydration:3.36,PEAKS PTM
A(+43.01)SRLAH(+57.02)YNKRSTITSRE,39.20,2089.0776,17,1.0,523.2798,30.06,2.6479E4,12,6338,EAM0022_G1F4K_V8-AmBic_2-B5_01_4158.d,2,2,XP_003451196.1,Carbamylation; Carbamidomethylation (DHKE  X@N-term),A1:Carbamylation:58.06;H6:Carbamidomethylation (DHKE  X@N-term):56.34,PEAKS PTM
I(+43.01)FERIAAE,39.00,990.5134,8,-1.2,496.2659,69.88,0,12,19224,EAM0022_G1F4K_V8-AmBic_2-B5_01_4158.d,0,0,XP_003451196.1,Carbamylation,I1:Carbamylation:1000.00,PEAKS PTM
VIGIHWGGVPNEFNGAVFINE,38.88,2268.1328,21,4.8,757.0590,69.67,5.8607E4,12,19137,EAM0022_G1F4K_V8-AmBic_2-B5_01_4158.d,1,1,|#CONTAM#88194745|ref|YP_499541.1|,,,PEAKS DB
AMQYD(+57.02)LSTTGGN(+.98)SGSPVFNEKNE,38.56,2503.0808,23,0.6,835.3722,44.61,1.2333E4,12,11008,EAM0022_G1F4K_V8-AmBic_2-B5_01_4158.d,1,1,|#CONTAM#88194745|ref|YP_499541.1|,Carbamidomethylation (DHKE  X@N-term); Deamidation (NQ),D5:Carbamidomethylation (DHKE  X@N-term):11.12;N12:Deamidation (NQ):10.80,PEAKS PTM
LRFQSSAVMALQEASE,38.14,1765.8668,16,1.7,883.9465,61.46,3.8948E4,12,16662,EAM0022_G1F4K_V8-AmBic_2-B5_01_4158.d,1,1,XP_005463512.2,,,PEAKS DB
A(+57.02)S(+79.97)RLAHYNK(+114.04)RSTITSRE,37.97,2240.0811,17,0.7,449.0260,29.89,3.4152E4,12,6270,EAM0022_G1F4K_V8-AmBic_2-B5_01_4158.d,1,1,XP_003451196.1,Carbamidomethylation (DHKE  X@N-term); Phosphorylation (STY); Ubiquitin,A1:Carbamidomethylation (DHKE  X@N-term):10.19;S2:Phosphorylation (STY):10.19;K9:Ubiquitin:14.04,PEAKS PTM
AYLVGLFE,37.82,910.4800,8,1.0,456.2500,10.22,8.1206E4,12,1023,EAM0022_G1F4K_V8-AmBic_2-B5_01_4158.d,4,4,XP_005463512.2,,,PEAKS DB
ASRLAHY(+15.99)N(+.98)KRSTITSRE,37.54,2006.0293,17,1.1,502.5177,19.74,5.2071E3,12,3037,EAM0022_G1F4K_V8-AmBic_2-B5_01_4158.d,1,1,XP_003451196.1,Oxidation or Hydroxylation; Deamidation (NQ),Y7:Oxidation or Hydroxylation:19.86;N8:Deamidation (NQ):1000.00,PEAKS PTM
VIGIHWGGVPNEFNGAVFINE(-.98),37.48,2267.1487,21,3.2,1134.5908,69.67,4.4761E4,12,19132,EAM0022_G1F4K_V8-AmBic_2-B5_01_4158.d,1,1,|#CONTAM#88194745|ref|YP_499541.1|,Amidation,E21:Amidation:1000.00,PEAKS PTM
LRFQSSAVMALQE(+57.02),36.84,1535.7766,13,1.1,512.9359,45.58,2.6324E5,12,11280,EAM0022_G1F4K_V8-AmBic_2-B5_01_4158.d,1,1,XP_005463512.2,Carbamidomethylation (DHKE  X@N-term),E13:Carbamidomethylation (DHKE  X@N-term):35.28,PEAKS PTM
NYPN(+.98)GGFTAE,36.58,1069.4352,10,0.6,535.7278,43.68,1.9455E4,12,10794,EAM0022_G1F4K_V8-AmBic_2-B5_01_4158.d,1,1,|#CONTAM#88194745|ref|YP_499541.1|,Deamidation (NQ),N4:Deamidation (NQ):19.05,PEAKS PTM
IAQDFKTDLR(+14.02)FQ(+.98)SSAVMALQE,36.45,2412.1995,21,7.7,805.0840,67.27,0,12,18334,EAM0022_G1F4K_V8-AmBic_2-B5_01_4158.d,0,0,XP_005463512.2,Methylation(KR); Deamidation (NQ),R10:Methylation(KR):28.70;Q12:Deamidation (NQ):36.81,PEAKS PTM
A(+57.02)SRLAHYN(+.98)KRSTITSRE,36.26,2047.0559,17,2.2,512.7749,22.78,1.8841E5,12,4138,EAM0022_G1F4K_V8-AmBic_2-B5_01_4158.d,1,1,XP_003451196.1,Carbamidomethylation (DHKE  X@N-term); Deamidation (NQ),A1:Carbamidomethylation (DHKE  X@N-term):0.00;N8:Deamidation (NQ):1000.00,PEAKS PTM
ASRLAH(+57.02)YN(+.98)KRSTITSRE,36.11,2047.0559,17,0.5,410.4207,24.69,8.8722E3,12,4626,EAM0022_G1F4K_V8-AmBic_2-B5_01_4158.d,1,1,XP_003451196.1,Carbamidomethylation (DHKE  X@N-term); Deamidation (NQ),H6:Carbamidomethylation (DHKE  X@N-term):5.81;N8:Deamidation (NQ):1000.00,PEAKS PTM
RKGVSLAALKK(+114.04)ALAAGGYDVE,36.10,2230.2432,21,3.7,558.5729,61.59,1.4753E4,12,16595,EAM0022_G1F4K_V8-AmBic_2-B5_01_4158.d,1,1,XP_003459589.1,Ubiquitin,K11:Ubiquitin:0.00,PEAKS PTM
FKTDLRFQSSAVM(+15.99)ALQE,35.87,1985.9880,17,0.4,663.0068,56.93,2.1435E4,12,15080,EAM0022_G1F4K_V8-AmBic_2-B5_01_4158.d,1,1,XP_005463512.2,Oxidation (M),M13:Oxidation (M):1000.00,PEAKS PTM
I(+43.01)RRYQKSTE,35.73,1222.6418,9,1.7,408.5573,23.61,3.478E5,12,4234,EAM0022_G1F4K_V8-AmBic_2-B5_01_4158.d,1,1,XP_005463512.2,Carbamylation,I1:Carbamylation:17.91,PEAKS PTM
Q(+57.02)ILKVVTASKE,35.19,1271.7449,11,3.8,424.9259,36.92,2.8082E3,12,8507,EAM0022_G1F4K_V8-AmBic_2-B5_01_4158.d,1,1,XP_003459589.1,Carbamidomethylation (DHKE  X@N-term),Q1:Carbamidomethylation (DHKE  X@N-term):0.00,PEAKS PTM
GTKAVT(+114.04)K(+57.02)Y(+79.97)TSSK,35.10,1520.7235,12,-1.8,761.3715,25.13,6.2445E4,12,4772,EAM0022_G1F4K_V8-AmBic_2-B5_01_4158.d,2,2,XP_003451196.1:XP_003438147.1,Ubiquitin; Carbamidomethylation (DHKE  X@N-term); Phosphorylation (STY),T6:Ubiquitin:0.00;K7:Carbamidomethylation (DHKE  X@N-term):45.16;Y8:Phosphorylation (STY):33.98,PEAKS PTM
TGISSKAMSIM(+15.99)NSFVND,34.81,1816.8335,17,-2.3,909.4265,55.25,6.2703E3,12,14757,EAM0022_G1F4K_V8-AmBic_2-B5_01_4158.d,1,1,XP_003451196.1,Oxidation (M),M11:Oxidation (M):16.66,PEAKS PTM
ETRGVLK(+114.04)VFLE,34.70,1403.7772,11,1.5,468.9360,61.75,9.8047E3,12,16642,EAM0022_G1F4K_V8-AmBic_2-B5_01_4158.d,1,1,XP_025766521.1,Ubiquitin,K7:Ubiquitin:39.44,PEAKS PTM
LIVK(+43.01)AVAASKE(+57.02),34.66,1227.7186,11,1.5,614.8705,42.03,2.7503E3,12,10156,EAM0022_G1F4K_V8-AmBic_2-B5_01_4158.d,1,1,XP_019209840.1:XP_019209845.1:XP_019210165.1:XP_019210164.1:XP_013130399.2:XP_019209843.1:XP_019209837.1,Carbamylation; Carbamidomethylation (DHKE  X@N-term),K4:Carbamylation:29.32;E11:Carbamidomethylation (DHKE  X@N-term):0.00,PEAKS PTM
L(+43.01)LIRK(+57.02)LPFQRLVRE,34.44,1880.1471,14,0.8,471.0468,68.97,1.1936E5,12,18866,EAM0022_G1F4K_V8-AmBic_2-B5_01_4158.d,2,2,XP_005463512.2,Carbamylation; Carbamidomethylation (DHKE  X@N-term),L1:Carbamylation:25.70;K5:Carbamidomethylation (DHKE  X@N-term):25.70,PEAKS PTM
S(+57.02)KGKITYLKGE,34.41,1279.7135,11,1.2,427.5811,25.82,3.575E3,12,5006,EAM0022_G1F4K_V8-AmBic_2-B5_01_4158.d,1,1,|#CONTAM#88194745|ref|YP_499541.1|,Carbamidomethylation (DHKE  X@N-term),S1:Carbamidomethylation (DHKE  X@N-term):0.00,PEAKS PTM
RKGVSLAALK(+114.04)KALAAGGYDVE,34.30,2230.2432,21,0.5,558.5711,58.22,2.2079E4,12,15568,EAM0022_G1F4K_V8-AmBic_2-B5_01_4158.d,1,1,XP_003459589.1,Ubiquitin,K10:Ubiquitin:0.00,PEAKS PTM
TGISSKAM(+15.99)SIMN(+15.99)SFVNDIFE,34.11,2222.0234,20,1.7,1112.0264,69.50,1.9406E4,12,19093,EAM0022_G1F4K_V8-AmBic_2-B5_01_4158.d,1,1,XP_003451196.1,Oxidation (M); Oxidation or Hydroxylation,M8:Oxidation (M):32.97;N12:Oxidation or Hydroxylation:31.27,PEAKS PTM
NKK(+43.01)TRIIPRHLQLAVRNDEE,33.94,2472.3672,20,-7.5,619.0975,47.18,4.6437E4,12,11915,EAM0022_G1F4K_V8-AmBic_2-B5_01_4158.d,1,1,XP_003451211.1:XP_013121737.2:XP_003459572.1:XP_003448939.1:XP_003446914.1,Carbamylation,K3:Carbamylation:6.59,PEAKS PTM
LAGNAARDNKKTRIIPRHLQLAVRND,33.84,2939.6641,26,1.4,490.9544,35.65,4.6908E4,12,8069,EAM0022_G1F4K_V8-AmBic_2-B5_01_4158.d,2,2,XP_003451211.1:XP_013121737.2:XP_003459572.1:XP_003448939.1:XP_003446914.1,,,PEAKS DB
ASRLAQ(+.98)YNK(+31.99)RSTITSRE,33.78,2013.0239,17,-7.4,403.6111,20.56,9.7253E3,12,3243,EAM0022_G1F4K_V8-AmBic_2-B5_01_4158.d,1,1,XP_003438147.1,Deamidation (NQ); Dihydroxy,Q6:Deamidation (NQ):0.00;K9:Dihydroxy:0.00,PEAKS PTM
ASRLAHYN(+15.99)K(+42.01)RSTITSRE,33.54,2047.0559,17,2.6,410.4215,22.43,1.8006E4,12,3902,EAM0022_G1F4K_V8-AmBic_2-B5_01_4158.d,1,1,XP_003451196.1,Oxidation or Hydroxylation; Acetylation (K),N8:Oxidation or Hydroxylation:0.00;K9:Acetylation (K):1000.00,PEAKS PTM
E(+43.01)TRGVLKVFLE,33.49,1332.7401,11,2.5,667.3823,69.25,4.5421E4,12,18951,EAM0022_G1F4K_V8-AmBic_2-B5_01_4158.d,1,1,XP_025766521.1,Carbamylation,E1:Carbamylation:16.36,PEAKS PTM
NVIR(+.98)DAVTYTE,33.44,1280.6249,11,0.2,641.3230,50.43,4.9266E5,12,13170,EAM0022_G1F4K_V8-AmBic_2-B5_01_4158.d,1,1,XP_025766521.1,Citrullination,R4:Citrullination:1000.00,PEAKS PTM
YLTAEILE,33.00,950.4960,8,2.1,476.2586,62.78,7.9235E4,12,16890,EAM0022_G1F4K_V8-AmBic_2-B5_01_4158.d,1,1,XP_003451211.1:XP_013121737.2:XP_003459572.1:XP_003448939.1:XP_003446914.1:XP_013130602.1:XP_005456204.1,,,PEAKS DB
APAPAPAPAKAAKKKTTASKPKKVGPSVGE,32.94,2882.6704,30,2.4,577.5456,20.42,3.2955E4,12,3179,EAM0022_G1F4K_V8-AmBic_2-B5_01_4158.d,2,2,XP_019210165.1:XP_019210164.1:XP_013130399.2,,,PEAKS DB
S(+42.01)SAAIALPPPAPAK(+57.02)SPKKRAKSPRKKTGPTVSD,32.91,3437.9470,33,0.7,574.0017,31.70,2.1298E6,12,6713,EAM0022_G1F4K_V8-AmBic_2-B5_01_4158.d,1,1,XP_003446112.1,Acetylation (Protein N-term); Carbamidomethylation (DHKE  X@N-term),S1:Acetylation (Protein N-term):1000.00;K14:Carbamidomethylation (DHKE  X@N-term):9.42,PEAKS PTM
A(+57.02)SRLAHYNK(+43.01)RSTITSRE,32.84,2089.0776,17,3.5,523.2811,27.09,4.3904E4,12,5411,EAM0022_G1F4K_V8-AmBic_2-B5_01_4158.d,1,1,XP_003451196.1,Carbamidomethylation (DHKE  X@N-term); Carbamylation,A1:Carbamidomethylation (DHKE  X@N-term):39.44;K9:Carbamylation:64.00,PEAKS PTM
ATHGDPHALKAFPSAIN(+.98)QD(-.98),32.79,1988.9703,19,-0.1,664.0006,43.58,2.0386E4,12,10659,EAM0022_G1F4K_V8-AmBic_2-B5_01_4158.d,1,1,|#CONTAM#88194745|ref|YP_499541.1|,Deamidation (NQ); Amidation,N17:Deamidation (NQ):17.01;D19:Amidation:1000.00,PEAKS PTM
PEPAKSAPKKGSKKAVTKTAGKGGKKKRKTRKE,32.64,3505.1055,33,-1.2,501.7385,16.22,0,12,2074,EAM0022_G1F4K_V8-AmBic_2-B5_01_4158.d,0,0,XP_003451196.1,,,PEAKS DB
QPNNPDNPDNPNNPD(-.98),32.64,1659.6873,15,1.9,830.8566,22.29,1.2039E5,12,3758,EAM0022_G1F4K_V8-AmBic_2-B5_01_4158.d,1,1,|#CONTAM#88194745|ref|YP_499541.1|,Amidation,D15:Amidation:1000.00,PEAKS PTM
ASRLAHYNKR(+.98)STITSRE(+57.02),32.56,2047.0559,17,2.5,410.4215,22.78,8.0888E4,12,3992,EAM0022_G1F4K_V8-AmBic_2-B5_01_4158.d,1,1,XP_003451196.1,Citrullination; Carbamidomethylation (DHKE  X@N-term),R10:Citrullination:20.80;E17:Carbamidomethylation (DHKE  X@N-term):14.32,PEAKS PTM
N(+.98)VIRD(-18.01)AVTYTE,32.18,1262.6143,11,2.6,632.3192,46.77,1.0434E4,12,11759,EAM0022_G1F4K_V8-AmBic_2-B5_01_4158.d,1,1,XP_025766521.1,Deamidation (NQ); Dehydration,N1:Deamidation (NQ):1000.00;D5:Dehydration:28.36,PEAKS PTM
IFER(+15.99)IAAE,31.97,963.5025,8,0.3,482.7611,40.81,2.902E5,12,9948,EAM0022_G1F4K_V8-AmBic_2-B5_01_4158.d,1,1,XP_003451196.1,Oxidation or Hydroxylation,R4:Oxidation or Hydroxylation:1000.00,PEAKS PTM
RHQITDTTNGHYAPVTYIQVE,31.80,2442.1929,21,0.7,611.5590,50.47,2.7082E4,12,13015,EAM0022_G1F4K_V8-AmBic_2-B5_01_4158.d,2,2,|#CONTAM#88194745|ref|YP_499541.1|,,,PEAKS DB
LAKHAVSEGTKAVTKYTSSK,31.54,2105.1479,20,1.6,422.0396,25.41,3.898E3,12,4882,EAM0022_G1F4K_V8-AmBic_2-B5_01_4158.d,1,1,XP_003451196.1:XP_003438147.1,,,PEAKS DB
TLHAAMRLTT(-18.01)IQGR(+31.99)SRAQD,31.50,2139.0967,19,-0.6,714.0426,69.12,0,12,18935,EAM0022_G1F4K_V8-AmBic_2-B5_01_4158.d,0,0,#DECOY#XP_005463512.2,Dehydration; Dihydroxy,T10:Dehydration:0.00;R14:Dihydroxy:0.00,PEAKS PTM
A(+57.02)SRLAHYNK(+114.04)RSTITSRE,31.31,2160.1147,17,1.6,433.0331,22.04,6.9819E3,12,3727,EAM0022_G1F4K_V8-AmBic_2-B5_01_4158.d,1,1,XP_003451196.1,Carbamidomethylation (DHKE  X@N-term); Ubiquitin,A1:Carbamidomethylation (DHKE  X@N-term):1.86;K9:Ubiquitin:1.11,PEAKS PTM
SSAAIALPPPAPAKSPKKRAKSPRKKTGPTVSD,31.22,3338.9148,33,0.8,668.7941,25.53,6.3028E5,12,5670,EAM0022_G1F4K_V8-AmBic_2-B5_01_4158.d,3,3,XP_003446112.1,,,PEAKS DB
LLAKKRGAKGKLETPVSPAPE,31.13,2189.2896,21,4.8,730.7776,28.96,6.8693E3,12,6010,EAM0022_G1F4K_V8-AmBic_2-B5_01_4158.d,1,1,XP_013130602.1:XP_005456204.1,,,PEAKS DB
IAQDFK(+14.02)TDLRFQSSAVM(+15.99)ALQE,31.09,2427.2104,21,0.6,810.0819,61.53,5.2862E5,12,16701,EAM0022_G1F4K_V8-AmBic_2-B5_01_4158.d,1,1,XP_005463512.2,Methylation(KR); Oxidation (M),K6:Methylation(KR):5.55;M17:Oxidation (M):1000.00,PEAKS PTM
I(+57.02)AQDFK(+14.02)TD,31.08,1007.4924,8,1.7,504.7568,30.47,1.4902E4,12,6447,EAM0022_G1F4K_V8-AmBic_2-B5_01_4158.d,1,1,XP_005463512.2,Carbamidomethylation (DHKE  X@N-term); Methylation(KR),I1:Carbamidomethylation (DHKE  X@N-term):56.34;K6:Methylation(KR):1000.00,PEAKS PTM
Y(+57.02)LTAEILE,31.07,1007.5175,8,-0.5,504.7683,61.40,5.4561E3,12,16533,EAM0022_G1F4K_V8-AmBic_2-B5_01_4158.d,1,1,XP_003451211.1:XP_013121737.2:XP_003459572.1:XP_003448939.1:XP_003446914.1:XP_013130602.1:XP_005456204.1,Carbamidomethylation (DHKE  X@N-term),Y1:Carbamidomethylation (DHKE  X@N-term):8.26,PEAKS PTM
RPK(+15.99)GQARKQE,30.82,1212.6687,10,2.8,607.3463,53.37,5.1205E3,12,13952,EAM0022_G1F4K_V8-AmBic_2-B5_01_4158.d,1,1,#DECOY#XP_003446914.1,Oxidation or Hydroxylation,K3:Oxidation or Hydroxylation:11.12,PEAKS PTM
VQ(+.98)T(+114.04)AVRLLLPGE,30.75,1409.7878,12,2.1,705.9062,70.61,8.7552E3,12,19463,EAM0022_G1F4K_V8-AmBic_2-B5_01_4158.d,1,1,XP_003438147.1,Deamidation (NQ); Ubiquitin,Q2:Deamidation (NQ):1000.00;T3:Ubiquitin:1000.00,PEAKS PTM
ASRLAHYNKR(+.98)ST(+114.04)ITSRE,30.72,2104.0774,17,2.7,527.0306,22.99,2.8888E4,12,4061,EAM0022_G1F4K_V8-AmBic_2-B5_01_4158.d,1,1,XP_003451196.1,Citrullination; Ubiquitin,R10:Citrullination:9.45;T12:Ubiquitin:0.00,PEAKS PTM
TR(+28.03)GVLKVFLE,30.69,1188.7230,10,-2.5,595.3702,69.04,2.526E4,12,18949,EAM0022_G1F4K_V8-AmBic_2-B5_01_4158.d,1,1,XP_025766521.1,Dimethylation(KR),R2:Dimethylation(KR):0.00,PEAKS PTM
S(+42.01)SAAIALPPPAPAKSPKKR(+.98)AKSPRKKTGPTVSD,30.24,3381.9094,33,5.3,846.4933,31.48,0,12,6759,EAM0022_G1F4K_V8-AmBic_2-B5_01_4158.d,0,0,XP_003446112.1,Acetylation (Protein N-term); Citrullination,S1:Acetylation (Protein N-term):1000.00;R19:Citrullination:7.38,PEAKS PTM
IATYRSLLE,30.00,1064.5865,9,0.6,533.3035,52.70,1.1613E4,12,13753,EAM0022_G1F4K_V8-AmBic_2-B5_01_4158.d,1,1,|#CONTAM#131412228|ref|NP_002265.2|:|#CONTAM#131412225|ref|NP_705694.2|:|#CONTAM#24234699|ref|NP_002267.2|:|#CONTAM#1034599643|ref|XP_016880103.1|:|#CONTAM#24430190|ref|NP_002266.2|:|#CONTAM#767994709|ref|XP_011523086.1|,,,PEAKS DB
SEEAPAPAPAPAK(+28.03)ATKKKTTASKPKKVGPSVGE,29.92,3285.8296,33,-3.1,658.1744,22.16,0,12,3778,EAM0022_G1F4K_V8-AmBic_2-B5_01_4158.d,0,0,XP_019209843.1:XP_019209837.1,Dimethylation(KR),K13:Dimethylation(KR):0.00,PEAKS PTM
ASRLAHYNKRST(-18.01)ITSRE,29.83,1971.0398,17,2.7,395.2183,20.56,8.9353E4,12,3297,EAM0022_G1F4K_V8-AmBic_2-B5_01_4158.d,1,1,XP_003451196.1,Dehydration,T12:Dehydration:0.00,PEAKS PTM
NKKTRIIPRH(+57.02)LQLAVRNDEE,29.78,2486.3828,20,1.2,622.6068,34.83,1.9272E5,12,7772,EAM0022_G1F4K_V8-AmBic_2-B5_01_4158.d,1,1,XP_003451211.1:XP_013121737.2:XP_003459572.1:XP_003448939.1:XP_003446914.1,Carbamidomethylation (DHKE  X@N-term),H10:Carbamidomethylation (DHKE  X@N-term):0.00,PEAKS PTM
S(+42.01)SAAIALPPPAPAKSPKKRAKSPRKK(+57.02)TGPTVSD,29.52,3437.9470,33,0.9,860.4991,31.65,5.0938E5,12,6859,EAM0022_G1F4K_V8-AmBic_2-B5_01_4158.d,1,1,XP_003446112.1,Acetylation (Protein N-term); Carbamidomethylation (DHKE  X@N-term),S1:Acetylation (Protein N-term):1000.00;K26:Carbamidomethylation (DHKE  X@N-term):0.00,PEAKS PTM
AS(-18.01)RLAHYNK(+57.02)RSTITSRE,29.48,2028.0613,17,4.1,406.6232,22.51,0,12,3903,EAM0022_G1F4K_V8-AmBic_2-B5_01_4158.d,0,0,XP_003451196.1,Dehydration; Carbamidomethylation (DHKE  X@N-term),S2:Dehydration:0.00;K9:Carbamidomethylation (DHKE  X@N-term):5.77,PEAKS PTM
NKKTRIIPRHLQLAVRNDE,29.27,2300.3188,19,1.6,461.0741,34.26,2.5225E4,12,7592,EAM0022_G1F4K_V8-AmBic_2-B5_01_4158.d,2,2,XP_003451211.1:XP_013121737.2:XP_003459572.1:XP_003448939.1:XP_003446914.1,,,PEAKS DB
Q(+.98)ILKVVTASKE,29.18,1215.7074,11,-6.4,608.8601,46.77,1.5343E4,12,11742,EAM0022_G1F4K_V8-AmBic_2-B5_01_4158.d,1,1,XP_003459589.1,Deamidation (NQ),Q1:Deamidation (NQ):1000.00,PEAKS PTM
LAIVK(+14.02)FS(+114.04)PNE,29.16,1244.6764,10,2.9,623.3503,52.12,1.2921E4,12,13593,EAM0022_G1F4K_V8-AmBic_2-B5_01_4158.d,1,1,|#CONTAM#88194745|ref|YP_499541.1|,Methylation(KR); Ubiquitin,K5:Methylation(KR):1000.00;S7:Ubiquitin:1000.00,PEAKS PTM
TQVNQNITVTGYPGDKPVATMWE(+57.02),29.07,2605.2483,23,1.5,869.4290,51.99,8.6501E4,12,13523,EAM0022_G1F4K_V8-AmBic_2-B5_01_4158.d,1,1,|#CONTAM#88194745|ref|YP_499541.1|,Carbamidomethylation (DHKE  X@N-term),E23:Carbamidomethylation (DHKE  X@N-term):13.67,PEAKS PTM
NPDNPNNPDNPNNPD,28.91,1646.6556,15,2.4,824.3411,22.67,7.776E4,12,3945,EAM0022_G1F4K_V8-AmBic_2-B5_01_4158.d,1,1,|#CONTAM#88194745|ref|YP_499541.1|,,,PEAKS DB
IAQD(+57.02)FKTDLRFQSSAVMALQE,28.91,2454.2212,21,2.2,819.0869,69.67,1.6209E6,12,19518,EAM0022_G1F4K_V8-AmBic_2-B5_01_4158.d,1,1,XP_005463512.2,Carbamidomethylation (DHKE  X@N-term),D4:Carbamidomethylation (DHKE  X@N-term):0.00,PEAKS PTM
DTNLC(+57.02)AIHAKRVTIM(+15.99)PKD,28.53,2098.0664,18,1.1,525.5270,37.59,5.8899E4,12,8718,EAM0022_G1F4K_V8-AmBic_2-B5_01_4158.d,1,1,XP_005463512.2,Carbamidomethylation; Oxidation (M),C5:Carbamidomethylation:1000.00;M15:Oxidation (M):1000.00,PEAKS PTM
TRGVLK(+43.01)VFLE,28.08,1203.6975,10,2.2,402.2426,69.22,2.3665E4,12,18965,EAM0022_G1F4K_V8-AmBic_2-B5_01_4158.d,2,2,XP_025766521.1,Carbamylation,K6:Carbamylation:17.91,PEAKS PTM
GTK(+42.01)AVTKYTSSK,28.03,1311.7034,12,-0.8,438.2436,24.88,0,12,4698,EAM0022_G1F4K_V8-AmBic_2-B5_01_4158.d,0,0,XP_003451196.1:XP_003438147.1,Acetylation (K),K3:Acetylation (K):15.71,PEAKS PTM
E(+57.02)TP(+31.99)APAPAPAKAAKKKKTTASKPKKVGPSVGE,27.90,3258.8298,32,-9.4,544.1432,23.12,6.7408E4,12,4113,EAM0022_G1F4K_V8-AmBic_2-B5_01_4158.d,1,1,,Carbamidomethylation (DHKE  X@N-term); Dihydroxy,E1:Carbamidomethylation (DHKE  X@N-term):22.33;P3:Dihydroxy:22.85,PEAKS PTM
YSKQTRLSPDE,27.80,1322.6466,11,8.7,662.3396,34.48,3.6775E5,12,7844,EAM0022_G1F4K_V8-AmBic_2-B5_01_4158.d,1,1,,,,PEAKS DB
IAQDFKTDLR(+14.02)FQSSAVMALQ(+.98)E,27.63,2412.1995,21,9.4,805.0853,73.62,0,12,20280,EAM0022_G1F4K_V8-AmBic_2-B5_01_4158.d,0,0,XP_005463512.2,Methylation(KR); Deamidation (NQ),R10:Methylation(KR):0.00;Q20:Deamidation (NQ):55.71,PEAKS PTM
LIVKAVK(+43.01)E,27.24,941.5909,8,0.7,471.8054,38.52,1.474E4,12,8995,EAM0022_G1F4K_V8-AmBic_2-B5_01_4158.d,1,1,XP_003448795.2,Carbamylation,K7:Carbamylation:12.16,PEAKS PTM
L(+43.01)RFQSSAVMALQE,27.17,1521.7610,13,1.0,761.8923,53.35,1.0236E4,12,13932,EAM0022_G1F4K_V8-AmBic_2-B5_01_4158.d,1,1,XP_005463512.2,Carbamylation,L1:Carbamylation:1000.00,PEAKS PTM
KPAVAVANKTE,26.93,1126.6345,11,-1.3,564.3266,49.61,4.2889E3,12,12728,EAM0022_G1F4K_V8-AmBic_2-B5_01_4158.d,1,1,,,,PEAKS DB
IAQDFK(+43.01)TDLR(+14.02)FQSSAVMALQE,26.84,2454.2212,21,1.4,819.0862,57.01,7.3536E5,12,15230,EAM0022_G1F4K_V8-AmBic_2-B5_01_4158.d,1,1,XP_005463512.2,Carbamylation; Methylation(KR),K6:Carbamylation:11.54;R10:Methylation(KR):1000.00,PEAKS PTM
RKGVSLAALK(+72.02)K(+156.12)ALAAGGYDVE,26.83,2344.3364,21,-4.6,469.8747,51.31,4.5255E4,12,13241,EAM0022_G1F4K_V8-AmBic_2-B5_01_4158.d,1,1,XP_003459589.1,Carboxyethyl; 4-hydroxynonenal (HNE),K10:Carboxyethyl:0.00;K11:4-hydroxynonenal (HNE):0.00,PEAKS PTM
LIVKAVAAS(+79.97)K(+114.04)E(+57.02),26.74,1378.7220,11,0.0,690.3717,42.39,6.2058E3,12,10283,EAM0022_G1F4K_V8-AmBic_2-B5_01_4158.d,1,1,XP_019209840.1:XP_019209845.1:XP_019210165.1:XP_019210164.1:XP_013130399.2:XP_019209843.1:XP_019209837.1,Phosphorylation (STY); Ubiquitin; Carbamidomethylation (DHKE  X@N-term),S9:Phosphorylation (STY):1000.00;K10:Ubiquitin:37.35;E11:Carbamidomethylation (DHKE  X@N-term):29.93,PEAKS PTM
SYAIYVYKVLKQVHPD(+57.02)TGISSKAMSIMNSFVND,26.64,3761.8796,33,1.1,941.4829,68.66,1.7217E5,12,18734,EAM0022_G1F4K_V8-AmBic_2-B5_01_4158.d,1,1,XP_003451196.1,Carbamidomethylation (DHKE  X@N-term),D16:Carbamidomethylation (DHKE  X@N-term):0.00,PEAKS PTM
IAQDFK(+14.02)TD(+57.02),26.51,1007.4924,8,1.7,504.7568,29.02,2.4353E4,12,6031,EAM0022_G1F4K_V8-AmBic_2-B5_01_4158.d,1,1,XP_005463512.2,Methylation(KR); Carbamidomethylation (DHKE  X@N-term),K6:Methylation(KR):1000.00;D8:Carbamidomethylation (DHKE  X@N-term):14.77,PEAKS PTM
AAQAVSPVAPKK(+14.02)NSPKE,26.31,1734.9628,17,3.6,434.7517,24.82,5.1401E3,12,4682,EAM0022_G1F4K_V8-AmBic_2-B5_01_4158.d,1,1,,Methylation(KR),K12:Methylation(KR):6.65,PEAKS PTM
ASRLAHY(+15.99)NK(+42.01)RSTITSRE,26.22,2047.0559,17,2.3,410.4214,23.33,1.9234E5,12,4330,EAM0022_G1F4K_V8-AmBic_2-B5_01_4158.d,1,1,XP_003451196.1,Oxidation or Hydroxylation; Acetylation (K),Y7:Oxidation or Hydroxylation:7.21;K9:Acetylation (K):1000.00,PEAKS PTM
IAQDFK(+14.02)TDLRFQSSAVMALQ(+.98)E,25.96,2412.1995,21,8.2,805.0844,71.13,0,12,19624,EAM0022_G1F4K_V8-AmBic_2-B5_01_4158.d,0,0,XP_005463512.2,Methylation(KR); Deamidation (NQ),K6:Methylation(KR):6.93;Q20:Deamidation (NQ):44.38,PEAKS PTM
ASR(+28.03)GNVAIIK(+71.01)RGD,25.91,1454.8079,13,9.6,485.9503,23.68,1.0454E4,12,4286,EAM0022_G1F4K_V8-AmBic_2-B5_01_4158.d,1,1,,Dimethylation(KR); Lactylation,R3:Dimethylation(KR):40.18;K10:Lactylation:1000.00,PEAKS PTM
LLIRKLPFQRLVRE(+57.02),25.50,1837.1414,14,1.7,460.2957,54.86,1.5475E6,12,14220,EAM0022_G1F4K_V8-AmBic_2-B5_01_4158.d,1,1,XP_005463512.2,Carbamidomethylation (DHKE  X@N-term),E14:Carbamidomethylation (DHKE  X@N-term):33.51,PEAKS PTM
IRRYQKSTE,25.40,1179.6360,9,1.1,394.2217,10.09,7.9512E3,12,984,EAM0022_G1F4K_V8-AmBic_2-B5_01_4158.d,2,2,XP_005463512.2,,,PEAKS DB
I(+43.01)LELAGNAARD,25.16,1184.6149,11,4.6,395.8827,46.06,1.0496E4,12,11519,EAM0022_G1F4K_V8-AmBic_2-B5_01_4158.d,1,1,XP_003451211.1:XP_013121737.2:XP_003459572.1:XP_003448939.1:XP_003446914.1:XP_013130602.1:XP_005456204.1,Carbamylation,I1:Carbamylation:1000.00,PEAKS PTM
S(+57.02)YAIYVYKVLKQVHPD,25.07,1979.0516,16,1.8,660.6956,68.98,2.3558E4,12,18906,EAM0022_G1F4K_V8-AmBic_2-B5_01_4158.d,1,1,XP_003451196.1,Carbamidomethylation (DHKE  X@N-term),S1:Carbamidomethylation (DHKE  X@N-term):15.57,PEAKS PTM
T(+43.01)RGVLK(+57.02)VFLE,24.85,1260.7190,10,2.5,631.3715,69.11,3.4985E4,12,18925,EAM0022_G1F4K_V8-AmBic_2-B5_01_4158.d,1,1,XP_025766521.1,Carbamylation; Carbamidomethylation (DHKE  X@N-term),T1:Carbamylation:5.81;K6:Carbamidomethylation (DHKE  X@N-term):5.81,PEAKS PTM
S(+226.08)VLR(+.98)HKDPE,24.71,1306.6339,9,2.3,654.3290,44.17,1.0975E4,12,10855,EAM0022_G1F4K_V8-AmBic_2-B5_01_4158.d,1,1,,Biotinylation; Citrullination,S1:Biotinylation:33.54;R4:Citrullination:1000.00,PEAKS PTM
Q(+57.02)VVLSAALAT(-18.01)LAPIS(-18.01)VTE,24.67,1803.0142,18,0.3,451.7632,39.00,6.697E4,12,9137,EAM0022_G1F4K_V8-AmBic_2-B5_01_4158.d,1,1,#DECOY#XP_003446914.1,Carbamidomethylation (DHKE  X@N-term); Dehydration,Q1:Carbamidomethylation (DHKE  X@N-term):6.34;T10:Dehydration:0.00;S15:Dehydration:5.99,PEAKS PTM
L(+43.01)AK(+57.02)HAVSE,24.44,953.4930,8,2.1,477.7572,30.26,1.4046E4,12,6369,EAM0022_G1F4K_V8-AmBic_2-B5_01_4158.d,1,1,XP_003451196.1:XP_003438147.1,Carbamylation; Carbamidomethylation (DHKE  X@N-term),L1:Carbamylation:9.40;K3:Carbamidomethylation (DHKE  X@N-term):0.00,PEAKS PTM
GT(-18.01)KAVT(+114.04)KYTSSK,24.41,1365.7252,12,1.3,456.2519,23.89,5.7946E3,12,4362,EAM0022_G1F4K_V8-AmBic_2-B5_01_4158.d,1,1,XP_003451196.1:XP_003438147.1,Dehydration; Ubiquitin,T2:Dehydration:28.70;T6:Ubiquitin:12.28,PEAKS PTM
DSSYNVDVGPKFT(-18.01)IE,23.75,1651.7729,15,-1.7,551.6000,38.90,3.7934E3,12,9123,EAM0022_G1F4K_V8-AmBic_2-B5_01_4158.d,1,1,,Dehydration,T13:Dehydration:6.67,PEAKS PTM
LALRQSVE,23.71,914.5185,8,1.2,458.2693,33.92,2.0718E4,12,7484,EAM0022_G1F4K_V8-AmBic_2-B5_01_4158.d,1,1,|#CONTAM#131412228|ref|NP_002265.2|:|#CONTAM#131412225|ref|NP_705694.2|,,,PEAKS DB
IAQDFK(+28.03)TD(+57.02),23.50,1021.5080,8,-0.4,511.7636,29.58,1.3873E4,12,6177,EAM0022_G1F4K_V8-AmBic_2-B5_01_4158.d,1,1,XP_005463512.2,Dimethylation(KR); Carbamidomethylation (DHKE  X@N-term),K6:Dimethylation(KR):1000.00;D8:Carbamidomethylation (DHKE  X@N-term):11.12,PEAKS PTM
AK(+71.01)SVPQIERVMTE,23.34,1557.7947,13,7.3,520.2786,38.39,3.853E4,12,8981,EAM0022_G1F4K_V8-AmBic_2-B5_01_4158.d,1,1,#DECOY#XP_005463512.2,Lactylation,K2:Lactylation:1000.00,PEAKS PTM
KAIIK(+71.01)KFGE,23.22,1103.6464,9,-1.7,552.8323,25.19,0,12,4802,EAM0022_G1F4K_V8-AmBic_2-B5_01_4158.d,0,0,,Lactylation,K5:Lactylation:0.00,PEAKS PTM
VVKPATMSN(+.98)NAE,23.20,1260.6019,12,2.5,631.3129,26.78,1.9307E4,12,5573,EAM0022_G1F4K_V8-AmBic_2-B5_01_4158.d,1,1,|#CONTAM#88194745|ref|YP_499541.1|,Deamidation (NQ),N9:Deamidation (NQ):12.28,PEAKS PTM
TR(+15.99)GVLK(+71.01)VF(+31.99)LENVIRDAVTYTE,23.18,2541.3201,21,-3.8,636.3380,46.05,0,12,11529,EAM0022_G1F4K_V8-AmBic_2-B5_01_4158.d,0,0,XP_025766521.1,Oxidation or Hydroxylation; Lactylation; Dihydroxy,R2:Oxidation or Hydroxylation:18.61;K6:Lactylation:1000.00;F8:Dihydroxy:34.81,PEAKS PTM
IQTAVRLLLP(+15.99)GELAK(+72.02)H(+156.12)AVSE,23.09,2388.3628,20,-1.0,598.1003,63.30,4.8372E3,12,17108,EAM0022_G1F4K_V8-AmBic_2-B5_01_4158.d,1,1,XP_003451196.1,Oxidation or Hydroxylation; Carboxyethyl; 4-hydroxynonenal (HNE),P10:Oxidation or Hydroxylation:31.27;K15:Carboxyethyl:1000.00;H16:4-hydroxynonenal (HNE):1000.00,PEAKS PTM
A(+57.02)SRLAQYNK(+42.01)RSTITSRE,23.02,2079.0820,17,6.4,416.8284,20.78,0,12,3322,EAM0022_G1F4K_V8-AmBic_2-B5_01_4158.d,0,0,XP_003438147.1,Carbamidomethylation (DHKE  X@N-term); Acetylation (K),A1:Carbamidomethylation (DHKE  X@N-term):30.61;K9:Acetylation (K):1000.00,PEAKS PTM
NPNNPDNPNNPD,22.40,1320.5331,12,1.6,661.2781,20.59,5.3821E4,12,3332,EAM0022_G1F4K_V8-AmBic_2-B5_01_4158.d,1,1,|#CONTAM#88194745|ref|YP_499541.1|,,,PEAKS DB
VAPAPAAAPAKPAKKKASKPKKTGPSVSD,22.37,2797.6177,29,-1.8,467.2784,18.90,0,12,2783,EAM0022_G1F4K_V8-AmBic_2-B5_01_4158.d,0,0,XP_003459589.1,,,PEAKS DB
GAATAARNELTE,22.37,1202.5891,12,-4.3,602.3022,42.89,1.6676E4,12,10468,EAM0022_G1F4K_V8-AmBic_2-B5_01_4158.d,1,1,,,,PEAKS DB
SEEAPAPAPAPAK(+57.02)ATKKK(+42.05)TTASKPKKVGPSVGE,22.36,3356.8667,33,8.8,672.3899,20.16,0,12,3097,EAM0022_G1F4K_V8-AmBic_2-B5_01_4158.d,0,0,XP_019209843.1:XP_019209837.1,Carbamidomethylation (DHKE  X@N-term); Trimethylation,K13:Carbamidomethylation (DHKE  X@N-term):0.00;K18:Trimethylation:0.00,PEAKS PTM
N(+57.02)VRNFLKQNIE,22.36,1430.7629,11,-7.4,477.9271,45.41,1.2509E5,12,11272,EAM0022_G1F4K_V8-AmBic_2-B5_01_4158.d,1,1,|#CONTAM#88194745|ref|YP_499541.1|,Carbamidomethylation (DHKE  X@N-term),N1:Carbamidomethylation (DHKE  X@N-term):0.00,PEAKS PTM
FHKAAKRLDGD,22.25,1256.6625,11,8.8,419.9005,32.91,2.3084E4,12,7210,EAM0022_G1F4K_V8-AmBic_2-B5_01_4158.d,1,1,,,,PEAKS DB
TT(-18.01)N(+.98)GHYAPVTYIQVE,21.84,1674.7889,15,5.1,838.4102,55.23,6.1507E3,12,14597,EAM0022_G1F4K_V8-AmBic_2-B5_01_4158.d,1,1,|#CONTAM#88194745|ref|YP_499541.1|,Dehydration; Deamidation (NQ),T2:Dehydration:0.00;N3:Deamidation (NQ):27.44,PEAKS PTM
NTLNDLRTLQLTLNRQKFRIESTFTFE,21.80,3297.7468,27,7.7,825.4545,41.06,1.5772E4,12,9838,EAM0022_G1F4K_V8-AmBic_2-B5_01_4158.d,1,1,,,,PEAKS DB
DQPNNPDNPD(-.98),21.75,1123.4530,10,2.0,562.7377,19.40,2.1933E4,12,2896,EAM0022_G1F4K_V8-AmBic_2-B5_01_4158.d,1,1,|#CONTAM#88194745|ref|YP_499541.1|,Amidation,D10:Amidation:1000.00,PEAKS PTM
ASKKKGKSSTEKKAKRKAKRRE,21.74,2529.5303,22,-7.5,422.5946,32.77,1.565E4,12,7163,EAM0022_G1F4K_V8-AmBic_2-B5_01_4158.d,1,1,XP_003438147.1,,,PEAKS DB
LRKRIGAIVGISRLDRE,21.66,1951.1802,17,1.7,488.8056,59.80,2.1442E4,12,16025,EAM0022_G1F4K_V8-AmBic_2-B5_01_4158.d,1,1,,,,PEAKS DB
NIQGITKPAIRRLARRGGVKRISGLIYE,21.63,3134.8628,28,0.4,627.9832,48.66,1.3228E5,12,12331,EAM0022_G1F4K_V8-AmBic_2-B5_01_4158.d,1,1,XP_025766521.1,,,PEAKS DB
G(+57.02)QAKLVRPAGK(+71.01)AREGAE,21.57,1864.9993,17,-3.8,467.2577,39.34,3.1737E4,12,9247,EAM0022_G1F4K_V8-AmBic_2-B5_01_4158.d,1,1,,Carbamidomethylation (DHKE  X@N-term); Lactylation,G1:Carbamidomethylation (DHKE  X@N-term):3.64;K11:Lactylation:4.37,PEAKS PTM
L(+57.02)VARGYDVE,21.56,1077.5454,9,1.0,539.7832,36.48,2.8281E4,12,8371,EAM0022_G1F4K_V8-AmBic_2-B5_01_4158.d,1,1,XP_003448795.2,Carbamidomethylation (DHKE  X@N-term),L1:Carbamidomethylation (DHKE  X@N-term):16.36,PEAKS PTM
K(+15.99)P(+31.99)AVAVAN(+.98)KTE,21.34,1175.6034,11,1.1,392.8775,34.48,3.3838E3,12,7696,EAM0022_G1F4K_V8-AmBic_2-B5_01_4158.d,1,1,,Oxidation or Hydroxylation; Dihydroxy; Deamidation (NQ),K1:Oxidation or Hydroxylation:0.00;P2:Dihydroxy:0.00;N8:Deamidation (NQ):1000.00,PEAKS PTM
VQT(-18.01)AVR(+31.99)LLLPGE,21.31,1308.7401,12,0.6,655.3810,73.84,0,12,20340,EAM0022_G1F4K_V8-AmBic_2-B5_01_4158.d,0,0,XP_003438147.1,Dehydration; Dihydroxy,T3:Dehydration:1000.00;R6:Dihydroxy:11.12,PEAKS PTM
KSDKKPT(+79.97)PPAKAKTSAGPD(-18.01),20.76,1984.9982,19,6.9,497.2627,40.26,0,12,9577,EAM0022_G1F4K_V8-AmBic_2-B5_01_4158.d,0,0,,Phosphorylation (STY); Dehydration,T7:Phosphorylation (STY):2.47;D19:Dehydration:4.79,PEAKS PTM
VKALIAE,20.75,742.4589,7,0.3,372.2387,37.34,5.8612E4,12,8616,EAM0022_G1F4K_V8-AmBic_2-B5_01_4158.d,1,1,,,,PEAKS DB
IEALKEE,20.74,830.4385,7,2.0,416.2294,28.87,1.2725E4,12,6012,EAM0022_G1F4K_V8-AmBic_2-B5_01_4158.d,1,1,,,,PEAKS DB
SYAIYVYKVLK(+15.99)QVHPDTGISSK(+57.02)AMSIMNSFVND,20.70,3777.8745,33,1.5,945.4821,67.00,1.0194E5,12,18362,EAM0022_G1F4K_V8-AmBic_2-B5_01_4158.d,1,1,XP_003451196.1,Oxidation or Hydroxylation; Carbamidomethylation (DHKE  X@N-term),K11:Oxidation or Hydroxylation:0.00;K22:Carbamidomethylation (DHKE  X@N-term):3.64,PEAKS PTM
EGRVQPFIPD,20.63,1156.5876,10,-0.9,579.3035,39.53,0,12,9337,EAM0022_G1F4K_V8-AmBic_2-B5_01_4158.d,0,0,,,,PEAKS DB
AKS(+79.97)VPQIE,20.61,950.4474,8,-8.1,476.2295,36.61,3.494E4,12,8461,EAM0022_G1F4K_V8-AmBic_2-B5_01_4158.d,1,1,#DECOY#XP_005463512.2,Phosphorylation (STY),S3:Phosphorylation (STY):1000.00,PEAKS PTM
TGISSRAMSIMNSFVNDLFERIATE,20.60,2788.3523,25,3.9,930.4663,43.41,5.6531E3,12,10624,EAM0022_G1F4K_V8-AmBic_2-B5_01_4158.d,1,1,XP_003438147.1,,,PEAKS DB
RKGVSLAALKKALAAGGYD,20.57,1888.0894,19,0.4,473.0321,54.44,8.8247E3,12,14319,EAM0022_G1F4K_V8-AmBic_2-B5_01_4158.d,1,1,XP_003459589.1,,,PEAKS DB
IGAAKVKHFKYRASVYAGSKIHRNI,20.54,2813.5928,25,6.6,704.4136,28.51,0,12,5866,EAM0022_G1F4K_V8-AmBic_2-B5_01_4158.d,0,0,,,,PEAKS DB
ASINALWAIDRSKQSSKWRSKNWKE,20.49,2988.5681,25,-5.0,748.1493,62.20,3.0887E4,12,16738,EAM0022_G1F4K_V8-AmBic_2-B5_01_4158.d,1,1,,,,PEAKS DB
T(+43.01)NLCAIHAKRVTIMPK(+15.99)D,20.24,1969.0237,17,-6.3,493.2625,40.66,1.6401E4,12,9705,EAM0022_G1F4K_V8-AmBic_2-B5_01_4158.d,1,1,XP_005463512.2,Carbamylation; Oxidation or Hydroxylation,T1:Carbamylation:13.67;K16:Oxidation or Hydroxylation:0.00,PEAKS PTM
TGISSK(+72.02)AMSIMN(+.98)SFVND,20.17,1873.8438,17,7.3,625.6295,41.57,1.1886E4,12,10007,EAM0022_G1F4K_V8-AmBic_2-B5_01_4158.d,1,1,XP_003451196.1,Carboxyethyl; Deamidation (NQ),K6:Carboxyethyl:1000.00;N12:Deamidation (NQ):11.12,PEAKS PTM
QVVLSAALATLAPISVT(-18.01)E,20.10,1764.0033,18,6.8,883.0193,67.78,3.8631E4,12,18454,EAM0022_G1F4K_V8-AmBic_2-B5_01_4158.d,1,1,#DECOY#XP_003446914.1,Dehydration,T17:Dehydration:16.22,PEAKS PTM
K(+226.08)PAVAVANKTE,20.09,1352.7122,11,-0.2,451.9135,56.27,1.9539E4,12,14877,EAM0022_G1F4K_V8-AmBic_2-B5_01_4158.d,1,1,,Biotinylation,K1:Biotinylation:13.67,PEAKS PTM
LKGRGSATAIGGIHD(-18.01),20.05,1433.7739,15,5.2,478.9368,53.96,6.1122E4,12,14129,EAM0022_G1F4K_V8-AmBic_2-B5_01_4158.d,1,1,,Dehydration,D15:Dehydration:16.53,PEAKS PTM
YASAIKKS(+1302.79)VE,19.99,2397.3855,10,3.2,480.4883,25.59,9.2849E3,12,4919,EAM0022_G1F4K_V8-AmBic_2-B5_01_4158.d,1,1,,Ubiquitin Glu-C,S8:Ubiquitin Glu-C:0.00,PEAKS PTM
IAQDFK(+15.99)TDLRFQSSAVMALQE,19.78,2413.1948,21,2.0,604.3102,61.40,4.6664E4,12,16503,EAM0022_G1F4K_V8-AmBic_2-B5_01_4158.d,1,1,XP_005463512.2,Oxidation or Hydroxylation,K6:Oxidation or Hydroxylation:0.00,PEAKS PTM
RKGTSLAAIKKYLTAKNVD,19.77,2076.2056,19,7.8,520.0653,46.11,0,12,11555,EAM0022_G1F4K_V8-AmBic_2-B5_01_4158.d,0,0,XP_005461836.1,,,PEAKS DB
SYAIYVYKVLKQVH(+57.02)PD,19.71,1979.0516,16,1.4,495.7733,66.34,1.0656E4,12,18024,EAM0022_G1F4K_V8-AmBic_2-B5_01_4158.d,1,1,XP_003451196.1,Carbamidomethylation (DHKE  X@N-term),H14:Carbamidomethylation (DHKE  X@N-term):0.00,PEAKS PTM
IAQDFK(+14.02)TD(+57.02)LRFQSSAVMALQE,19.66,2468.2368,21,3.4,823.7598,69.63,7.8183E5,12,18260,EAM0022_G1F4K_V8-AmBic_2-B5_01_4158.d,1,1,XP_005463512.2,Methylation(KR); Carbamidomethylation (DHKE  X@N-term),K6:Methylation(KR):5.55;D8:Carbamidomethylation (DHKE  X@N-term):0.00,PEAKS PTM
APAVTTSNCLLKWLTLE,19.65,1858.9862,17,7.8,620.6772,47.18,1.4892E4,12,11916,EAM0022_G1F4K_V8-AmBic_2-B5_01_4158.d,1,1,,,,PEAKS DB
GISVVAQQFHE,19.38,1213.6091,11,-2.0,405.5449,56.93,8.5483E4,12,15102,EAM0022_G1F4K_V8-AmBic_2-B5_01_4158.d,1,1,,,,PEAKS DB
LAGK(+57.02)LGN(+15.99)LD,19.29,972.5240,9,2.6,487.2729,30.40,4.3885E4,12,6411,EAM0022_G1F4K_V8-AmBic_2-B5_01_4158.d,1,1,,Carbamidomethylation (DHKE  X@N-term); Oxidation or Hydroxylation,K4:Carbamidomethylation (DHKE  X@N-term):3.97;N7:Oxidation or Hydroxylation:0.00,PEAKS PTM
L(+57.02)KGRGSATAIGGIHD,19.25,1508.8059,15,-4.8,503.9427,69.40,2.6611E4,12,19044,EAM0022_G1F4K_V8-AmBic_2-B5_01_4158.d,1,1,,Carbamidomethylation (DHKE  X@N-term),L1:Carbamidomethylation (DHKE  X@N-term):0.00,PEAKS PTM
AAQAVSPVAPKKNSPKE,19.08,1720.9471,17,4.1,431.2480,42.44,0,12,10297,EAM0022_G1F4K_V8-AmBic_2-B5_01_4158.d,0,0,,,,PEAKS DB
VIS(-18.01)PGEK(+156.12)INMDIAE,18.95,1652.8695,14,2.9,551.9681,53.91,0,12,14151,EAM0022_G1F4K_V8-AmBic_2-B5_01_4158.d,0,0,,Dehydration; 4-hydroxynonenal (HNE),S3:Dehydration:13.99;K7:4-hydroxynonenal (HNE):1000.00,PEAKS PTM
KRDCNSGLVLIPTSGVKMD,18.92,2032.0446,19,8.5,509.0252,26.82,5.1444E5,12,5285,EAM0022_G1F4K_V8-AmBic_2-B5_01_4158.d,1,1,,,,PEAKS DB
VVSSQVQEIE,18.77,1116.5663,10,-5.3,373.1959,29.88,0,12,6278,EAM0022_G1F4K_V8-AmBic_2-B5_01_4158.d,0,0,,,,PEAKS DB
LK(+72.02)GRGSATAIGGIHD,18.76,1523.8055,15,-8.0,508.9409,33.08,9.3401E3,12,7264,EAM0022_G1F4K_V8-AmBic_2-B5_01_4158.d,1,1,,Carboxyethyl,K2:Carboxyethyl:1000.00,PEAKS PTM
LVARGYD(+57.02)VE,18.75,1077.5454,9,1.0,539.7832,36.48,2.8281E4,12,8430,EAM0022_G1F4K_V8-AmBic_2-B5_01_4158.d,1,1,XP_003448795.2,Carbamidomethylation (DHKE  X@N-term),D7:Carbamidomethylation (DHKE  X@N-term):0.00,PEAKS PTM
CRGAVTALE,18.53,918.4593,9,0.8,460.2396,38.68,7.8681E3,12,9052,EAM0022_G1F4K_V8-AmBic_2-B5_01_4158.d,1,1,,,,PEAKS DB
QITKY(+31.99)SGE,18.46,956.4451,8,-6.1,479.2293,39.26,3.596E3,12,9234,EAM0022_G1F4K_V8-AmBic_2-B5_01_4158.d,1,1,|#CONTAM#88194745|ref|YP_499541.1|,Dihydroxy,Y5:Dihydroxy:0.00,PEAKS PTM
KVPCPLFE,18.35,931.4837,8,6.2,466.7543,30.40,6.0844E3,12,6435,EAM0022_G1F4K_V8-AmBic_2-B5_01_4158.d,1,1,,,,PEAKS DB
IQKVNSE,18.34,816.4341,7,0.5,409.2266,29.02,8.2821E3,12,6009,EAM0022_G1F4K_V8-AmBic_2-B5_01_4158.d,1,1,,,,PEAKS DB
EDGFLRQRGTE,18.24,1306.6266,11,-5.9,654.3199,37.85,4.7323E4,12,8758,EAM0022_G1F4K_V8-AmBic_2-B5_01_4158.d,1,1,,,,PEAKS DB
RRKLN(+.98)S(-18.01)AVLIAAG,17.74,1350.8096,13,-7.1,451.2762,50.26,1.7059E3,12,12972,EAM0022_G1F4K_V8-AmBic_2-B5_01_4158.d,1,1,#DECOY#XP_003446914.1,Deamidation (NQ); Dehydration,N5:Deamidation (NQ):1000.00;S6:Dehydration:1000.00,PEAKS PTM
QQQTVKDGISQAPAAQAFQE,17.73,2144.0498,20,-3.8,715.6914,20.80,4.112E3,12,3334,EAM0022_G1F4K_V8-AmBic_2-B5_01_4158.d,1,1,,,,PEAKS DB
SSQVYRRND,17.69,1123.5370,9,7.5,375.5243,30.35,5.5736E3,12,6397,EAM0022_G1F4K_V8-AmBic_2-B5_01_4158.d,1,1,,,,PEAKS DB
RSGVSAAALKKALAAGGYD,17.64,1804.9795,19,2.5,602.6716,50.10,0,12,12910,EAM0022_G1F4K_V8-AmBic_2-B5_01_4158.d,0,0,XP_019209840.1:XP_019210165.1:XP_019210164.1:XP_013130399.2:XP_019209843.1:XP_019209837.1,,,PEAKS DB
K(+71.01)VRKSARYGRE,17.63,1419.7820,11,-5.7,474.2676,47.46,2.6914E5,12,11941,EAM0022_G1F4K_V8-AmBic_2-B5_01_4158.d,1,1,,Lactylation,K1:Lactylation:11.12,PEAKS PTM
NPNNPDNPNNPDEPNNPD(-.98),17.49,1985.8099,18,1.0,993.9182,24.30,1.6573E4,12,4477,EAM0022_G1F4K_V8-AmBic_2-B5_01_4158.d,1,1,|#CONTAM#88194745|ref|YP_499541.1|,Amidation,D18:Amidation:1000.00,PEAKS PTM
ITTS(+79.97)LGKE,17.43,927.4314,8,-1.8,464.7245,25.68,5.364E3,12,4962,EAM0022_G1F4K_V8-AmBic_2-B5_01_4158.d,1,1,,Phosphorylation (STY),S4:Phosphorylation (STY):0.00,PEAKS PTM
QLSMEKE,17.36,863.4059,7,1.1,432.7129,35.32,3.2117E4,12,7889,EAM0022_G1F4K_V8-AmBic_2-B5_01_4158.d,1,1,,,,PEAKS DB
AVVSVGYE,17.31,822.4123,8,1.6,412.2161,38.48,3.3851E3,12,9016,EAM0022_G1F4K_V8-AmBic_2-B5_01_4158.d,1,1,,,,PEAKS DB
FNGRRGHGKKAFGKTLVGKLGTD,17.28,2443.3560,23,3.1,408.2365,39.55,6.4045E4,12,9298,EAM0022_G1F4K_V8-AmBic_2-B5_01_4158.d,1,1,,,,PEAKS DB
RKGKDLGAKLAKLDTSLALGRPRVAPPGLRLAKVGYAGE,17.05,4042.3643,39,-9.7,809.4763,45.43,0,12,11315,EAM0022_G1F4K_V8-AmBic_2-B5_01_4158.d,0,0,,,,PEAKS DB
QAARLLE,16.99,799.4552,7,0.9,400.7372,34.12,0,12,7576,EAM0022_G1F4K_V8-AmBic_2-B5_01_4158.d,0,0,,,,PEAKS DB
SSKR(+.98)KASVVQ(+.98)RTVE,16.94,1575.8580,14,6.0,526.2991,43.78,0,12,10751,EAM0022_G1F4K_V8-AmBic_2-B5_01_4158.d,0,0,,Citrullination; Deamidation (NQ),R4:Citrullination:0.00;Q10:Deamidation (NQ):1000.00,PEAKS PTM
RERAERKE,16.93,1072.5737,8,-1.7,537.2959,36.16,6.7929E3,12,8272,EAM0022_G1F4K_V8-AmBic_2-B5_01_4158.d,1,1,,,,PEAKS DB
I(+57.02)AQDFKTDLR(+14.02)FQSSAVMALQE,16.89,2468.2368,21,3.4,823.7598,69.63,7.8183E5,12,18709,EAM0022_G1F4K_V8-AmBic_2-B5_01_4158.d,1,1,XP_005463512.2,Carbamidomethylation (DHKE  X@N-term); Methylation(KR),I1:Carbamidomethylation (DHKE  X@N-term):0.00;R10:Methylation(KR):5.74,PEAKS PTM
KLQGTKE,16.83,802.4548,7,1.1,402.2371,34.30,4.0741E3,12,7611,EAM0022_G1F4K_V8-AmBic_2-B5_01_4158.d,1,1,,,,PEAKS DB
LAGK(+28.03)LGNLD(+15.99),16.83,943.5338,9,-8.0,472.7728,51.15,6.2899E4,12,13214,EAM0022_G1F4K_V8-AmBic_2-B5_01_4158.d,1,1,,Dimethylation(KR); Oxidation or Hydroxylation,K4:Dimethylation(KR):1000.00;D9:Oxidation or Hydroxylation:0.00,PEAKS PTM
GQAKLVR(+31.99)PAGKAR(+28.03)E,16.78,1539.8844,14,5.7,385.9825,46.98,6.3398E3,12,11856,EAM0022_G1F4K_V8-AmBic_2-B5_01_4158.d,1,1,,Dihydroxy; Dimethylation(KR),R7:Dihydroxy:0.00;R13:Dimethylation(KR):0.00,PEAKS PTM
QILK(+42.01)VVTASK(+28.03)E,16.76,1284.7653,11,2.1,429.2654,45.86,7.0116E5,12,11450,EAM0022_G1F4K_V8-AmBic_2-B5_01_4158.d,1,1,XP_003459589.1,Acetylation (K); Dimethylation(KR),K4:Acetylation (K):1.69;K10:Dimethylation(KR):1.69,PEAKS PTM
KKLQLVRMYRTHTRRALQTVAQLILE,16.71,3164.8445,26,6.9,633.9837,24.86,1.3837E5,12,4618,EAM0022_G1F4K_V8-AmBic_2-B5_01_4158.d,1,1,,,,PEAKS DB
ADLSGNNASANVVKVSKPMSVHR,16.65,2380.2280,23,3.7,596.0695,38.21,8.7772E4,12,8839,EAM0022_G1F4K_V8-AmBic_2-B5_01_4158.d,1,1,,,,PEAKS DB
LFCFTTLMPNSRE,16.59,1557.7319,13,-7.4,779.8713,47.42,3.7708E4,12,11921,EAM0022_G1F4K_V8-AmBic_2-B5_01_4158.d,1,1,,,,PEAKS DB
LTYVETANLLNKVFKKRGVGAREKLVLLALPKLQAE,16.51,4022.3772,36,3.9,575.6377,55.42,0,12,14639,EAM0022_G1F4K_V8-AmBic_2-B5_01_4158.d,0,0,,,,PEAKS DB
LRSKEIRRASVD,16.45,1428.8160,12,4.7,358.2148,42.79,1.6182E4,12,10402,EAM0022_G1F4K_V8-AmBic_2-B5_01_4158.d,1,1,,,,PEAKS DB
VQT(-18.01)AVR(+31.99)LLLPGELAK(+43.01)HAVSE,16.43,2187.2012,20,6.3,547.8137,69.07,0,12,18920,EAM0022_G1F4K_V8-AmBic_2-B5_01_4158.d,0,0,XP_003438147.1,Dehydration; Dihydroxy; Carbamylation,T3:Dehydration:44.31;R6:Dihydroxy:25.11;K15:Carbamylation:37.72,PEAKS PTM
IFERIAAE(-.98),16.42,946.5236,8,8.1,474.2752,45.74,0,12,11422,EAM0022_G1F4K_V8-AmBic_2-B5_01_4158.d,0,0,XP_003451196.1,Amidation,E8:Amidation:1000.00,PEAKS PTM
TRGVAGTSE,16.37,876.4301,9,3.4,439.2260,60.50,0,12,16266,EAM0022_G1F4K_V8-AmBic_2-B5_01_4158.d,0,0,,,,PEAKS DB
RSGVSAAALKKALAAGGYDVDKNKARVKTAIKSLVAKGTLVQTKGTGASGSFKMNKKATE,16.35,6077.3896,60,-2.1,553.4988,59.01,0,12,15814,EAM0022_G1F4K_V8-AmBic_2-B5_01_4158.d,0,0,XP_019209840.1:XP_019210165.1:XP_019210164.1:XP_019209843.1:XP_019209837.1,,,PEAKS DB
RYKQRKRQREE,16.35,1575.8706,11,2.7,526.3015,42.82,1.5741E6,12,10395,EAM0022_G1F4K_V8-AmBic_2-B5_01_4158.d,1,1,,,,PEAKS DB
ATSLSQGMQPKYKLSSPSLLQE,16.33,2392.2307,22,5.9,798.4262,64.22,5.6131E5,12,17441,EAM0022_G1F4K_V8-AmBic_2-B5_01_4158.d,1,1,,,,PEAKS DB
LAEVDGRQRSRSVRPWSYRPLIEPKLE,16.30,3236.7529,27,2.2,648.3625,45.41,2.3232E5,12,11269,EAM0022_G1F4K_V8-AmBic_2-B5_01_4158.d,1,1,,,,PEAKS DB
AQMESLKE,16.28,934.4430,8,0.8,468.2315,45.34,2.1191E4,12,11261,EAM0022_G1F4K_V8-AmBic_2-B5_01_4158.d,1,1,,,,PEAKS DB
ITTSLGKEVATAQE,16.19,1446.7566,14,-3.2,724.3868,51.51,2.1078E4,12,13350,EAM0022_G1F4K_V8-AmBic_2-B5_01_4158.d,1,1,,,,PEAKS DB
VFKTLCLLHKRKVASSRND,16.19,2214.2419,19,-0.8,739.0910,48.28,9.0378E3,12,12319,EAM0022_G1F4K_V8-AmBic_2-B5_01_4158.d,1,1,,,,PEAKS DB
Q(+226.08)ILK(+42.01)VVTASKE,16.10,1482.8115,11,-0.3,495.2801,29.79,0,12,6249,EAM0022_G1F4K_V8-AmBic_2-B5_01_4158.d,0,0,XP_003459589.1,Biotinylation; Acetylation (K),Q1:Biotinylation:12.89;K4:Acetylation (K):16.36,PEAKS PTM
TGISSK(+57.02)AMSIM(+15.99)NSFVND,16.04,1873.8550,17,1.3,625.6295,41.57,1.1886E4,12,10028,EAM0022_G1F4K_V8-AmBic_2-B5_01_4158.d,1,1,XP_003451196.1,Carbamidomethylation (DHKE  X@N-term); Oxidation (M),K6:Carbamidomethylation (DHKE  X@N-term):7.38;M11:Oxidation (M):12.33,PEAKS PTM
IATYRQLLE,16.02,1105.6132,9,-8.6,553.8118,45.82,1.5382E3,12,11444,EAM0022_G1F4K_V8-AmBic_2-B5_01_4158.d,1,1,,,,PEAKS DB
GQAKLVRPAGKAREGAE,15.93,1736.9645,17,-9.6,579.9927,23.47,4.3725E3,12,4202,EAM0022_G1F4K_V8-AmBic_2-B5_01_4158.d,1,1,,,,PEAKS DB
L(+57.02)ALGISTKAVTALD,15.92,1428.8187,14,2.8,358.2148,42.79,1.6182E4,12,10422,EAM0022_G1F4K_V8-AmBic_2-B5_01_4158.d,1,1,,Carbamidomethylation (DHKE  X@N-term),L1:Carbamidomethylation (DHKE  X@N-term):0.00,PEAKS PTM
MATQRVQQRPWLFLND,15.91,2002.0206,16,5.3,668.3543,55.23,2.9942E4,12,14570,EAM0022_G1F4K_V8-AmBic_2-B5_01_4158.d,1,1,,,,PEAKS DB
LGAK(+42.01)SPAD,15.90,799.4075,8,0.9,400.7134,26.96,8.912E4,12,5365,EAM0022_G1F4K_V8-AmBic_2-B5_01_4158.d,1,1,,Acetylation (K),K4:Acetylation (K):1000.00,PEAKS PTM
RK(+43.01)GVSLAALKKALAAGGYDVE,15.85,2159.2061,21,0.5,540.8118,63.88,5.9859E4,12,17267,EAM0022_G1F4K_V8-AmBic_2-B5_01_4158.d,1,1,XP_003459589.1,Carbamylation,K2:Carbamylation:0.00,PEAKS PTM
VQ(+.98)T(+114.04)AVR(+28.03)LLLPGELAKHAVSE,15.83,2273.2742,20,-0.1,758.7690,67.27,1.5958E4,12,18329,EAM0022_G1F4K_V8-AmBic_2-B5_01_4158.d,1,1,XP_003438147.1,Deamidation (NQ); Ubiquitin; Dimethylation(KR),Q2:Deamidation (NQ):1000.00;T3:Ubiquitin:60.65;R6:Dimethylation(KR):74.73,PEAKS PTM
AKSVPQIE,15.83,870.4811,8,4.6,436.2520,29.62,6.3487E3,12,6155,EAM0022_G1F4K_V8-AmBic_2-B5_01_4158.d,1,1,#DECOY#XP_005463512.2,,,PEAKS DB
IQTAVRLLLPGELAKHAVSEGTKAVTKYTSSK,15.83,3395.9141,32,8.2,680.1990,25.53,1.3389E5,12,5005,EAM0022_G1F4K_V8-AmBic_2-B5_01_4158.d,1,1,XP_003451196.1,,,PEAKS DB
GKVVSSQVSSISE,15.73,1305.6776,13,2.7,436.2365,38.64,2.0272E3,12,9050,EAM0022_G1F4K_V8-AmBic_2-B5_01_4158.d,1,1,,,,PEAKS DB
QVELPQQVALQAD,15.73,1437.7463,13,0.3,360.4457,41.93,2.1203E4,12,10108,EAM0022_G1F4K_V8-AmBic_2-B5_01_4158.d,1,1,,,,PEAKS DB
TSMHISQVRLE,15.72,1299.6605,11,-1.3,650.8399,46.84,5.427E3,12,11808,EAM0022_G1F4K_V8-AmBic_2-B5_01_4158.d,1,1,,,,PEAKS DB
AS(+114.04)RLAQYNKRSTITSRE,15.72,2094.0930,17,7.1,419.8309,25.10,5.1104E3,12,4765,EAM0022_G1F4K_V8-AmBic_2-B5_01_4158.d,1,1,XP_003438147.1,Ubiquitin,S2:Ubiquitin:0.00,PEAKS PTM
AKGAILGLRQNVQISRRRRGQATGTGQRD,15.68,3162.7671,29,-1.9,452.8325,39.26,0,12,9253,EAM0022_G1F4K_V8-AmBic_2-B5_01_4158.d,0,0,,,,PEAKS DB
QVVLSAALATLAPISVT(-18.01)E(-.98),15.66,1763.0193,18,6.6,882.5272,65.87,1.6969E5,12,17869,EAM0022_G1F4K_V8-AmBic_2-B5_01_4158.d,1,1,#DECOY#XP_003446914.1,Dehydration; Amidation,T17:Dehydration:26.31;E18:Amidation:1000.00,PEAKS PTM
AKLGDSQEKSE,15.62,1190.5779,11,-3.4,596.2972,41.06,0,12,9846,EAM0022_G1F4K_V8-AmBic_2-B5_01_4158.d,0,0,,,,PEAKS DB
IAQDFK(+72.02)TDLRFQSSAVMALQE,15.31,2469.2209,21,6.4,824.0903,70.09,0,12,19297,EAM0022_G1F4K_V8-AmBic_2-B5_01_4158.d,0,0,XP_005463512.2,Carboxyethyl,K6:Carboxyethyl:1000.00,PEAKS PTM
GALETYPLRKIRIFPSPD,15.30,2072.1418,18,-3.0,519.0438,69.88,7.9303E4,12,19211,EAM0022_G1F4K_V8-AmBic_2-B5_01_4158.d,1,1,,,,PEAKS DB
IARKSKAE,15.29,901.5345,8,-9.7,451.7724,32.37,1.6932E5,12,6994,EAM0022_G1F4K_V8-AmBic_2-B5_01_4158.d,1,1,|#CONTAM#767974019|ref|XP_011536559.1|:|#CONTAM#28173564|ref|NP_778238.1|,,,PEAKS DB
QVAPYWEPIAE,15.28,1301.6292,11,-5.3,651.8217,46.16,7.5961E5,12,12076,EAM0022_G1F4K_V8-AmBic_2-B5_01_4158.d,1,1,,,,PEAKS DB
MAEVAPAPAAAPAKPAKKKASKPKKTGPSVSD,15.24,3128.7378,32,8.5,626.7632,42.34,0,12,10265,EAM0022_G1F4K_V8-AmBic_2-B5_01_4158.d,0,0,XP_003459589.1,,,PEAKS DB
LKGRGSATAIGGIHD,15.22,1451.7844,15,4.8,484.9402,54.23,5.2789E4,12,14230,EAM0022_G1F4K_V8-AmBic_2-B5_01_4158.d,1,1,,,,PEAKS DB
NKVTELPTLVGLRVQVPAEYSQSRFLQE,15.16,3200.7192,28,1.9,641.1555,41.65,0,12,10051,EAM0022_G1F4K_V8-AmBic_2-B5_01_4158.d,0,0,,,,PEAKS DB
LAIVKFSPNE,15.10,1116.6179,10,2.6,373.2161,33.21,1.0973E4,12,7296,EAM0022_G1F4K_V8-AmBic_2-B5_01_4158.d,1,1,|#CONTAM#88194745|ref|YP_499541.1|,,,PEAKS DB
GALNAQARCFLAKKAQE,15.00,1817.9570,17,4.8,606.9989,57.88,4.5708E3,12,15455,EAM0022_G1F4K_V8-AmBic_2-B5_01_4158.d,1,1,,,,PEAKS DB
